year,week, SMN,SMT,VCI,TCI, VHI
1982, 1, 0.070,255.79, 27.63, 78.38, 53.00,
1982, 2, 0.073,257.68, 30.82, 71.96, 51.39,
1982, 3, 0.077,259.75, 33.88, 64.97, 49.42,
1982, 4, 0.080,261.90, 34.23, 58.57, 46.40,
1982, 5, 0.082,263.84, 32.05, 53.87, 42.96,
1982, 6, 0.083,265.41, 29.69, 51.25, 40.47,
1982, 7, 0.089,267.10, 30.04, 48.41, 39.22,
1982, 8, 0.095,268.85, 31.34, 47.04, 39.19,
1982, 9, 0.101,270.94, 31.32, 46.34, 38.83,
1982,10, 0.108,273.46, 31.52, 44.29, 37.91,
1982,11, 0.117,275.60, 31.46, 44.28, 37.87,
1982,12, 0.129,277.57, 31.71, 46.79, 39.25,
1982,13, 0.138,278.84, 29.18, 50.77, 39.98,
1982,14, 0.147,279.42, 24.50, 58.92, 41.71,
1982,15, 0.151,279.89, 17.62, 67.75, 42.68,
1982,16, 0.164,281.07, 13.68, 72.60, 43.14,
1982,17, 0.187,282.77, 12.80, 72.57, 42.69,
1982,18, 0.217,284.86, 14.22, 68.78, 41.50,
1982,19, 0.265,287.50, 20.49, 56.20, 38.35,
1982,20, 0.304,289.54, 24.35, 46.80, 35.57,
1982,21, 0.333,290.45, 25.07, 47.24, 36.15,
1982,22, 0.350,290.68, 22.33, 50.22, 36.27,
1982,23, 0.354,290.57, 19.15, 54.24, 36.69,
1982,24, 0.359,290.48, 17.70, 57.83, 37.77,
1982,25, 0.371,290.53, 20.21, 59.97, 40.09,
1982,26, 0.377,290.67, 20.46, 61.98, 41.22,
1982,27, 0.385,291.04, 21.78, 63.83, 42.80,
1982,28, 0.386,291.34, 23.98, 65.48, 44.73,
1982,29, 0.392,291.91, 30.81, 59.97, 45.39,
1982,30, 0.395,292.25, 33.97, 57.10, 45.54,
1982,31, 0.392,292.58, 31.15, 53.28, 42.22,
1982,32, 0.396,293.10, 32.88, 44.96, 38.92,
1982,33, 0.401,293.29, 35.71, 38.12, 36.92,
1982,34, 0.396,293.04, 35.78, 35.82, 35.80,
1982,35, 0.388,292.86, 38.49, 29.19, 33.84,
1982,36, 0.378,292.74, 43.39, 19.53, 31.46,
1982,37, 0.360,292.07, 44.78, 15.16, 29.97,
1982,38, 0.345,290.90, 44.25, 13.13, 28.69,
1982,39, 0.323,289.37, 40.33, 13.92, 27.13,
1982,40, 0.302,287.67, 34.94, 16.28, 25.61,
1982,41, 0.286,286.19, 34.73, 14.55, 24.64,
1982,42, 0.273,284.73, 40.27, 15.49, 27.88,
1982,43, 0.254,283.09, 44.96, 16.74, 30.85,
1982,44, 0.231,281.35, 48.23, 15.47, 31.85,
1982,45, 0.209,279.65, 50.79, 14.50, 32.64,
1982,46, 0.185,277.87, 50.96, 15.94, 33.45,
1982,47, 0.160,275.71, 49.72, 19.49, 34.61,
1982,48, 0.138,273.47, 47.07, 24.10, 35.58,
1982,49, 0.122,271.13, 44.03, 28.51, 36.27,
1982,50, 0.106,268.63, 41.18, 31.98, 36.58,
1982,51, 0.090,265.94, 38.02, 37.90, 37.96,
1982,52, 0.079,264.47, 33.60, 41.96, 37.78,
1983, 1, 0.073,264.21, 29.75, 43.86, 36.81,
1983, 2, 0.073,265.34, 31.69, 40.41, 36.05,
1983, 3, 0.078,267.05, 35.99, 35.67, 35.83,
1983, 4, 0.082,268.29, 37.31, 35.16, 36.24,
1983, 5, 0.085,268.77, 34.91, 38.65, 36.78,
1983, 6, 0.085,269.21, 30.58, 41.51, 36.04,
1983, 7, 0.086,270.34, 28.15, 41.23, 34.69,
1983, 8, 0.089,271.89, 27.43, 41.08, 34.25,
1983, 9, 0.095,273.15, 27.50, 43.01, 35.26,
1983,10, 0.102,274.85, 27.53, 42.59, 35.06,
1983,11, 0.108,276.04, 26.71, 45.41, 36.06,
1983,12, 0.118,277.12, 26.77, 51.53, 39.15,
1983,13, 0.132,278.15, 26.77, 56.92, 41.85,
1983,14, 0.151,279.36, 26.69, 60.89, 43.79,
1983,15, 0.174,280.89, 27.55, 61.52, 44.54,
1983,16, 0.201,282.63, 29.20, 61.14, 45.17,
1983,17, 0.232,284.32, 30.98, 61.03, 46.01,
1983,18, 0.272,286.03, 36.15, 59.23, 47.69,
1983,19, 0.311,287.38, 40.27, 57.65, 48.96,
1983,20, 0.350,289.09, 44.55, 51.12, 47.83,
1983,21, 0.377,289.96, 45.21, 51.41, 48.31,
1983,22, 0.397,290.52, 44.25, 51.34, 47.79,
1983,23, 0.409,290.81, 44.02, 51.78, 47.90,
1983,24, 0.400,290.31, 35.98, 59.65, 47.81,
1983,25, 0.396,290.38, 30.98, 61.94, 46.46,
1983,26, 0.393,290.57, 26.66, 64.11, 45.38,
1983,27, 0.387,290.65, 20.86, 70.03, 45.45,
1983,28, 0.366,290.36, 13.26, 79.24, 46.25,
1983,29, 0.350,290.00,  9.92, 85.13, 47.52,
1983,30, 0.341,289.93,  8.59, 86.15, 47.37,
1983,31, 0.355,290.31, 12.51, 82.60, 47.56,
1983,32, 0.370,290.87, 18.85, 74.90, 46.88,
1983,33, 0.391,291.55, 29.31, 62.02, 45.67,
1983,34, 0.410,291.85, 41.46, 51.87, 46.66,
1983,35, 0.420,292.31, 53.48, 35.83, 44.65,
1983,36, 0.417,292.08, 61.22, 26.15, 43.69,
1983,37, 0.398,291.40, 61.32, 20.99, 41.15,
1983,38, 0.382,290.70, 60.18, 14.70, 37.44,
1983,39, 0.364,289.31, 58.46, 13.93, 36.20,
1983,40, 0.334,287.33, 50.46, 18.88, 34.67,
1983,41, 0.300,285.24, 42.53, 23.36, 32.94,
1983,42, 0.260,283.04, 35.07, 30.31, 32.69,
1983,43, 0.218,280.94, 28.26, 33.32, 30.79,
1983,44, 0.180,277.96, 22.90, 39.09, 31.00,
1983,45, 0.150,274.85, 20.57, 43.32, 31.95,
1983,46, 0.124,271.74, 20.36, 47.58, 33.97,
1983,47, 0.104,269.04, 21.02, 50.94, 35.98,
1983,48, 0.086,267.49, 20.24, 50.82, 35.53,
1983,49, 0.072,265.85, 17.24, 51.46, 34.35,
1983,50, 0.061,264.39, 15.16, 50.27, 32.71,
1983,51, 0.058,264.32, 18.05, 44.71, 31.38,
1983,52, 0.061,264.24, 21.85, 42.58, 32.22,
1984, 1, 0.065,263.85, 24.87, 44.75, 34.81,
1984, 2, 0.065,263.11, 26.22, 48.57, 37.40,
1984, 3, 0.062,261.79, 24.60, 55.99, 40.30,
1984, 4, 0.059,261.44, 20.77, 60.63, 40.70,
1984, 5, 0.058,260.97, 17.12, 66.74, 41.93,
1984, 6, 0.056,260.41, 13.66, 72.25, 42.96,
1984, 7, 0.055,260.46, 11.63, 75.20, 43.41,
1984, 8, 0.056,261.09, 11.33, 77.67, 44.50,
1984, 9, 0.060,262.52, 11.37, 79.25, 45.31,
1984,10, 0.064,263.62, 10.82, 82.22, 46.52,
1984,11, 0.069,265.74, 10.62, 84.08, 47.35,
1984,12, 0.082,269.78, 12.36, 81.47, 46.92,
1984,13, 0.102,273.69, 14.55, 77.86, 46.21,
1984,14, 0.127,277.43, 16.29, 71.15, 43.72,
1984,15, 0.145,280.30, 14.77, 65.40, 40.09,
1984,16, 0.162,282.52, 12.59, 62.34, 37.46,
1984,17, 0.181,284.51, 10.43, 59.39, 34.91,
1984,18, 0.209,286.18, 11.46, 57.08, 34.27,
1984,19, 0.240,286.95, 12.52, 60.34, 36.43,
1984,20, 0.275,287.43, 15.05, 65.92, 40.49,
1984,21, 0.310,287.94, 17.47, 71.13, 44.30,
1984,22, 0.342,288.23, 21.03, 73.79, 47.41,
1984,23, 0.359,287.88, 23.07, 79.73, 51.40,
1984,24, 0.378,288.08, 28.27, 82.21, 55.24,
1984,25, 0.397,288.78, 33.79, 79.45, 56.62,
1984,26, 0.410,289.37, 36.09, 78.24, 57.16,
1984,27, 0.420,290.14, 37.20, 76.41, 56.81,
1984,28, 0.427,290.74, 42.56, 74.46, 58.51,
1984,29, 0.434,291.35, 49.31, 68.78, 59.05,
1984,30, 0.439,291.82, 53.03, 64.21, 58.62,
1984,31, 0.434,291.90, 49.96, 63.09, 56.53,
1984,32, 0.433,291.85, 50.13, 62.32, 56.22,
1984,33, 0.429,291.35, 49.31, 65.04, 57.17,
1984,34, 0.421,290.86, 48.33, 65.66, 56.99,
1984,35, 0.405,290.23, 46.94, 62.04, 54.49,
1984,36, 0.378,289.34, 43.97, 55.59, 49.78,
1984,37, 0.351,288.53, 41.94, 47.55, 44.75,
1984,38, 0.324,287.76, 36.64, 41.76, 39.20,
1984,39, 0.295,286.35, 29.53, 41.43, 35.48,
1984,40, 0.270,284.95, 21.67, 42.56, 32.11,
1984,41, 0.251,283.62, 19.65, 39.62, 29.64,
1984,42, 0.230,282.44, 21.10, 35.79, 28.45,
1984,43, 0.202,280.63, 20.87, 35.87, 28.37,
1984,44, 0.169,278.34, 17.01, 36.33, 26.67,
1984,45, 0.143,275.07, 16.75, 41.14, 28.94,
1984,46, 0.118,271.51, 16.62, 47.46, 32.04,
1984,47, 0.099,269.00, 18.31, 49.73, 34.02,
1984,48, 0.087,267.40, 20.82, 50.26, 35.54,
1984,49, 0.082,267.91, 22.99, 42.06, 32.52,
1984,50,-1.000, -1.00, -1.00, -1.00, -1.00,
1984,51,-1.000, -1.00, -1.00, -1.00, -1.00,
1984,52,-1.000, -1.00, -1.00, -1.00, -1.00,
1985, 1,-1.000, -1.00, -1.00, -1.00, -1.00,
1985, 2,-1.000, -1.00, -1.00, -1.00, -1.00,
1985, 3,-1.000, -1.00, -1.00, -1.00, -1.00,
1985, 4,-1.000, -1.00, -1.00, -1.00, -1.00,
1985, 5,-1.000, -1.00, -1.00, -1.00, -1.00,
1985, 6,-1.000, -1.00, -1.00, -1.00, -1.00,
1985, 7,-1.000, -1.00, -1.00, -1.00, -1.00,
1985, 8,-1.000, -1.00, -1.00, -1.00, -1.00,
1985, 9, 0.083,268.80, 23.52, 49.11, 36.32,
1985,10, 0.086,268.21, 22.50, 57.73, 40.11,
1985,11, 0.099,270.62, 24.69, 59.03, 41.86,
1985,12, 0.118,273.70, 27.97, 59.51, 43.74,
1985,13, 0.144,277.75, 32.18, 53.30, 42.74,
1985,14, 0.173,281.85, 35.46, 41.63, 38.55,
1985,15, 0.202,285.15, 38.35, 28.34, 33.34,
1985,16, 0.230,287.40, 39.86, 22.48, 31.17,
1985,17, 0.256,288.73, 38.98, 24.83, 31.91,
1985,18, 0.280,289.74, 37.57, 26.36, 31.96,
1985,19, 0.310,290.65, 38.43, 26.57, 32.50,
1985,20, 0.342,291.23, 40.29, 29.70, 34.99,
1985,21, 0.364,290.88, 39.03, 42.42, 40.73,
1985,22, 0.379,290.58, 36.86, 50.66, 43.76,
1985,23, 0.386,290.15, 34.96, 57.52, 46.24,
1985,24, 0.381,289.25, 30.00, 69.61, 49.81,
1985,25, 0.382,289.21, 28.08, 73.61, 50.85,
1985,26, 0.387,289.63, 27.34, 73.26, 50.30,
1985,27, 0.398,290.41, 29.13, 71.43, 50.28,
1985,28, 0.408,291.29, 35.13, 66.57, 50.85,
1985,29, 0.419,292.17, 42.97, 57.81, 50.39,
1985,30, 0.429,292.99, 48.77, 49.48, 49.12,
1985,31, 0.438,293.79, 51.59, 38.68, 45.13,
1985,32, 0.449,294.42, 57.46, 28.45, 42.95,
1985,33, 0.450,294.53, 59.04, 22.32, 40.68,
1985,34, 0.441,294.21, 57.60, 21.44, 39.52,
1985,35, 0.427,293.09, 57.21, 27.14, 42.17,
1985,36, 0.418,291.67, 61.55, 31.39, 46.47,
1985,37, 0.402,290.10, 63.07, 33.60, 48.33,
1985,38, 0.387,288.78, 62.01, 32.81, 47.41,
1985,39, 0.367,287.17, 59.39, 34.24, 46.81,
1985,40, 0.337,285.01, 50.88, 42.69, 46.78,
1985,41, 0.298,282.82, 40.61, 48.39, 44.50,
1985,42, 0.262,281.22, 34.74, 46.91, 40.82,
1985,43, 0.226,279.28, 31.76, 46.04, 38.90,
1985,44, 0.194,277.05, 29.51, 45.49, 37.50,
1985,45, 0.161,274.63, 26.09, 44.49, 35.29,
1985,46, 0.121,271.13, 18.14, 50.43, 34.28,
1985,47, 0.090,268.55, 12.96, 52.91, 32.93,
1985,48, 0.071,266.83, 11.68, 53.20, 32.44,
1985,49, 0.066,266.00, 12.91, 49.75, 31.33,
1985,50, 0.063,265.57, 15.11, 43.47, 29.29,
1985,51, 0.060,264.90, 17.83, 40.07, 28.95,
1985,52, 0.056,263.80, 17.16, 42.32, 29.74,
1986, 1, 0.053,262.74, 15.30, 47.53, 31.42,
1986, 2, 0.056,262.66, 18.19, 49.04, 33.61,
1986, 3, 0.060,263.53, 21.53, 47.64, 34.59,
1986, 4, 0.064,264.14, 23.44, 49.43, 36.43,
1986, 5, 0.065,264.09, 21.19, 55.42, 38.31,
1986, 6, 0.065,264.40, 18.95, 58.63, 38.79,
1986, 7, 0.065,264.70, 16.93, 61.77, 39.35,
1986, 8, 0.063,265.65, 15.30, 63.92, 39.61,
1986, 9, 0.068,267.61, 16.19, 63.27, 39.73,
1986,10, 0.082,270.42, 19.78, 58.10, 38.94,
1986,11, 0.101,273.93, 25.19, 50.91, 38.05,
1986,12, 0.123,277.60, 29.95, 45.34, 37.64,
1986,13, 0.146,280.87, 32.90, 37.92, 35.41,
1986,14, 0.178,283.53, 37.68, 30.32, 34.00,
1986,15, 0.220,286.17, 46.25, 19.78, 33.01,
1986,16, 0.264,288.26, 53.43, 15.20, 34.31,
1986,17, 0.317,289.88, 61.78, 15.27, 38.53,
1986,18, 0.364,290.82, 68.10, 17.46, 42.78,
1986,19, 0.395,291.50, 68.61, 19.98, 44.29,
1986,20, 0.417,292.32, 67.77, 20.34, 44.06,
1986,21, 0.428,292.72, 63.58, 25.43, 44.51,
1986,22, 0.438,292.89, 60.71, 28.73, 44.72,
1986,23, 0.442,293.09, 59.02, 29.61, 44.32,
1986,24, 0.436,293.16, 54.36, 30.11, 42.24,
1986,25, 0.433,293.41, 50.30, 27.74, 39.02,
1986,26, 0.428,293.51, 45.02, 28.83, 36.93,
1986,27, 0.424,293.43, 39.88, 35.08, 37.48,
1986,28, 0.412,293.29, 35.18, 41.35, 38.26,
1986,29, 0.398,293.30, 31.01, 43.16, 37.09,
1986,30, 0.397,293.57, 32.03, 41.41, 36.72,
1986,31, 0.402,293.71, 33.03, 39.00, 36.01,
1986,32, 0.403,293.20, 32.95, 44.17, 38.56,
1986,33, 0.405,292.96, 34.40, 43.25, 38.82,
1986,34, 0.405,292.44, 37.13, 44.63, 40.88,
1986,35, 0.402,291.74, 43.20, 43.67, 43.44,
1986,36, 0.399,290.92, 51.72, 39.15, 45.43,
1986,37, 0.389,289.91, 56.51, 35.32, 45.92,
1986,38, 0.379,288.96, 58.26, 31.20, 44.73,
1986,39, 0.364,287.87, 57.95, 27.78, 42.87,
1986,40, 0.347,286.66, 54.99, 26.13, 40.56,
1986,41, 0.316,285.08, 49.13, 25.73, 37.43,
1986,42, 0.284,283.49, 45.50, 26.71, 36.11,
1986,43, 0.250,281.55, 42.99, 28.73, 35.86,
1986,44, 0.215,279.33, 39.10, 29.56, 34.33,
1986,45, 0.182,277.52, 35.89, 27.32, 31.60,
1986,46, 0.152,275.83, 33.22, 26.54, 29.88,
1986,47, 0.129,273.78, 32.24, 28.60, 30.42,
1986,48, 0.108,271.36, 30.43, 33.38, 31.90,
1986,49, 0.092,267.82, 26.80, 42.69, 34.75,
1986,50, 0.079,263.96, 24.64, 52.09, 38.36,
1986,51, 0.069,261.05, 24.17, 58.67, 41.42,
1986,52, 0.062,258.34, 21.57, 66.91, 44.24,
1987, 1, 0.058,256.71, 19.19, 74.94, 47.06,
1987, 2, 0.056,256.17, 18.22, 78.79, 48.51,
1987, 3, 0.056,256.48, 18.62, 79.42, 49.02,
1987, 4, 0.057,257.56, 18.48, 77.08, 47.78,
1987, 5, 0.060,259.17, 18.42, 73.61, 46.01,
1987, 6, 0.064,260.59, 18.37, 71.99, 45.18,
1987, 7, 0.068,261.98, 18.80, 70.85, 44.83,
1987, 8, 0.074,263.83, 20.80, 70.19, 45.49,
1987, 9, 0.082,265.01, 22.52, 73.94, 48.23,
1987,10, 0.086,266.02, 21.83, 77.87, 49.85,
1987,11, 0.091,267.70, 20.52, 79.96, 50.24,
1987,12, 0.103,270.82, 21.53, 79.26, 50.40,
1987,13, 0.118,273.78, 21.08, 78.57, 49.82,
1987,14, 0.133,276.64, 18.68, 76.21, 47.44,
1987,15, 0.151,278.85, 17.21, 75.06, 46.13,
1987,16, 0.179,281.09, 18.84, 73.34, 46.09,
1987,17, 0.215,283.67, 22.25, 67.01, 44.63,
1987,18, 0.242,285.90, 22.27, 60.89, 41.58,
1987,19, 0.261,286.41, 19.50, 66.49, 43.00,
1987,20, 0.287,287.29, 18.85, 67.81, 43.33,
1987,21, 0.313,288.30, 18.39, 66.95, 42.67,
1987,22, 0.339,288.82, 20.01, 66.97, 43.49,
1987,23, 0.365,289.31, 26.41, 65.26, 45.83,
1987,24, 0.400,290.39, 37.82, 58.62, 48.22,
1987,25, 0.439,291.74, 51.76, 47.33, 49.55,
1987,26, 0.459,292.43, 57.68, 43.32, 50.50,
1987,27, 0.465,293.11, 56.84, 41.18, 49.01,
1987,28, 0.465,293.45, 57.41, 40.69, 49.05,
1987,29, 0.458,293.56, 55.86, 41.46, 48.66,
1987,30, 0.450,293.48, 54.07, 44.04, 49.06,
1987,31, 0.436,292.62, 47.89, 53.60, 50.74,
1987,32, 0.426,291.81, 43.79, 62.39, 53.09,
1987,33, 0.428,291.24, 46.43, 66.20, 56.32,
1987,34, 0.428,290.83, 49.20, 66.13, 57.67,
1987,35, 0.426,290.40, 54.36, 60.52, 57.44,
1987,36, 0.422,289.81, 61.69, 51.28, 56.48,
1987,37, 0.409,288.82, 64.89, 45.61, 55.25,
1987,38, 0.389,287.40, 62.26, 46.08, 54.17,
1987,39, 0.362,285.68, 56.61, 48.70, 52.65,
1987,40, 0.331,284.20, 47.66, 51.31, 49.48,
1987,41, 0.298,282.28, 40.04, 54.49, 47.26,
1987,42, 0.258,279.95, 32.67, 58.99, 45.83,
1987,43, 0.106,263.84, 48.40, 45.59, 47.00,
1987,44, 0.176,272.14, 20.38, 78.87, 49.62,
1987,45, 0.129,266.96,  9.56, 88.39, 48.97,
1987,46, 0.097,262.96,  6.73, 90.54, 48.63,
1987,47, 0.077,260.78,  6.81, 88.20, 47.51,
1987,48, 0.062,259.97,  7.76, 83.68, 45.72,
1987,49, 0.054,259.42,  7.99, 79.48, 43.73,
1987,50, 0.049,258.92,  8.44, 74.41, 41.43,
1987,51, 0.047,258.88, 11.33, 68.44, 39.89,
1987,52, 0.050,259.20, 14.69, 63.55, 39.12,
1988, 1, 0.055,260.00, 18.55, 60.42, 39.48,
1988, 2, 0.058,260.83, 20.89, 56.70, 38.80,
1988, 3, 0.062,262.23, 23.69, 50.85, 37.27,
1988, 4, 0.066,263.23, 25.28, 48.77, 37.02,
1988, 5, 0.069,263.55, 24.31, 52.00, 38.15,
1988, 6, 0.069,263.44, 21.26, 57.69, 39.47,
1988, 7, 0.071,264.05, 20.07, 60.32, 40.20,
1988, 8, 0.078,265.89, 21.97, 58.85, 40.41,
1988, 9, 0.084,267.71, 22.68, 59.86, 41.27,
1988,10, 0.088,269.51, 21.67, 60.90, 41.28,
1988,11, 0.098,271.71, 22.67, 60.72, 41.70,
1988,12, 0.112,274.51, 24.51, 60.45, 42.48,
1988,13, 0.131,277.32, 26.33, 58.20, 42.27,
1988,14, 0.155,279.87, 28.01, 55.14, 41.57,
1988,15, 0.174,281.35, 26.92, 57.26, 42.09,
1988,16, 0.199,283.23, 27.79, 56.85, 42.32,
1988,17, 0.225,284.69, 27.08, 58.79, 42.94,
1988,18, 0.245,285.43, 24.75, 64.62, 44.68,
1988,19, 0.263,285.73, 21.38, 71.06, 46.22,
1988,20, 0.284,286.52, 19.17, 73.06, 46.11,
1988,21, 0.310,287.54, 18.93, 72.94, 45.94,
1988,22, 0.328,287.72, 17.51, 75.95, 46.73,
1988,23, 0.347,288.24, 19.75, 74.48, 47.12,
1988,24, 0.376,289.51, 27.26, 67.26, 47.26,
1988,25, 0.396,290.28, 32.13, 63.06, 47.60,
1988,26, 0.409,291.13, 34.99, 57.92, 46.45,
1988,27, 0.421,292.00, 37.40, 54.20, 45.80,
1988,28, 0.427,292.39, 41.43, 54.53, 47.98,
1988,29, 0.432,292.77, 46.19, 52.10, 49.14,
1988,30, 0.427,292.93, 45.99, 51.73, 48.86,
1988,31, 0.423,292.85, 43.53, 52.09, 47.81,
1988,32, 0.421,292.82, 42.86, 50.50, 46.68,
1988,33, 0.411,292.38, 38.80, 52.11, 45.46,
1988,34, 0.396,291.34, 34.45, 60.13, 47.29,
1988,35, 0.377,289.96, 33.29, 65.97, 49.63,
1988,36, 0.366,288.62, 39.75, 64.02, 51.88,
1988,37, 0.352,287.71, 44.12, 55.90, 50.01,
1988,38, 0.332,286.79, 41.80, 51.72, 46.76,
1988,39, 0.319,286.16, 41.80, 44.09, 42.94,
1988,40, 0.312,285.63, 42.73, 37.05, 39.89,
1988,41, 0.306,283.43, 48.30, 43.06, 45.68,
1988,42, 0.282,281.34, 48.60, 46.50, 47.55,
1988,43, 0.253,278.86, 48.33, 49.47, 48.90,
1988,44, 0.226,276.56, 49.40, 48.74, 49.07,
1988,45, 0.193,274.11, 46.24, 47.74, 46.99,
1988,46, 0.158,271.60, 40.43, 48.41, 44.42,
1988,47, 0.130,269.29, 36.70, 50.20, 43.45,
1988,48, 0.110,267.66, 34.76, 50.86, 42.81,
1988,49, 0.097,266.52, 32.68, 49.82, 41.25,
1988,50, 0.086,266.38, 31.12, 43.50, 37.31,
1988,51, 0.087,267.17, 36.30, 34.73, 35.52,
1988,52, 0.095,268.58, 44.26, 26.81, 35.53,
1989, 1, 0.102,270.13, 50.09, 20.25, 35.17,
1989, 2, 0.112,271.58, 58.64, 13.93, 36.29,
1989, 3, 0.123,272.86, 67.29,  9.52, 38.40,
1989, 4, 0.131,274.01, 70.31,  8.66, 39.48,
1989, 5, 0.139,275.22, 69.45,  8.89, 39.17,
1989, 6, 0.146,276.16, 66.06,  9.95, 38.00,
1989, 7, 0.147,276.86, 60.53, 12.29, 36.41,
1989, 8, 0.150,277.82, 57.68, 14.06, 35.87,
1989, 9, 0.157,279.03, 57.02, 15.96, 36.49,
1989,10, 0.163,279.71, 55.64, 20.14, 37.89,
1989,11, 0.174,280.64, 55.66, 23.50, 39.58,
1989,12, 0.189,281.94, 57.26, 26.38, 41.82,
1989,13, 0.214,283.21, 61.69, 25.69, 43.69,
1989,14, 0.239,284.26, 64.03, 25.77, 44.90,
1989,15, 0.259,284.94, 63.28, 29.13, 46.21,
1989,16, 0.273,285.44, 58.59, 37.73, 48.16,
1989,17, 0.288,285.52, 52.38, 50.70, 51.54,
1989,18, 0.312,286.12, 50.94, 57.84, 54.39,
1989,19, 0.341,287.04, 51.18, 59.93, 55.56,
1989,20, 0.363,287.47, 49.96, 66.09, 58.02,
1989,21, 0.378,288.16, 46.34, 69.20, 57.77,
1989,22, 0.381,288.38, 39.12, 71.85, 55.49,
1989,23, 0.375,288.22, 31.25, 75.78, 53.51,
1989,24, 0.371,288.61, 26.30, 76.05, 51.17,
1989,25, 0.376,289.32, 24.80, 72.79, 48.80,
1989,26, 0.396,290.64, 30.70, 62.65, 46.67,
1989,27, 0.409,291.37, 33.13, 60.34, 46.73,
1989,28, 0.401,291.01, 30.45, 69.54, 49.99,
1989,29, 0.388,290.61, 26.72, 75.97, 51.34,
1989,30, 0.378,290.49, 24.15, 78.30, 51.23,
1989,31, 0.376,290.62, 21.43, 77.54, 49.48,
1989,32, 0.370,290.90, 17.85, 73.31, 45.58,
1989,33, 0.360,290.27, 13.85, 78.06, 45.96,
1989,34, 0.361,289.80, 16.66, 78.81, 47.74,
1989,35, 0.360,289.05, 24.49, 76.60, 50.54,
1989,36, 0.357,288.61, 34.55, 63.56, 49.05,
1989,37, 0.349,288.18, 41.49, 51.00, 46.25,
1989,38, 0.340,287.33, 43.72, 46.13, 44.93,
1989,39, 0.339,286.99, 48.51, 35.51, 42.01,
1989,40, 0.326,286.41, 47.12, 27.98, 37.55,
1989,41, 0.297,284.49, 41.80, 30.67, 36.23,
1989,42, 0.274,282.87, 42.63, 31.55, 37.09,
1989,43, 0.259,281.85, 49.01, 25.72, 37.36,
1989,44, 0.236,280.35, 52.23, 21.97, 37.10,
1989,45, 0.206,278.30, 50.44, 22.66, 36.55,
1989,46, 0.170,275.35, 44.60, 29.14, 36.87,
1989,47, 0.144,273.04, 42.67, 32.39, 37.53,
1989,48, 0.128,271.47, 42.50, 33.53, 38.02,
1989,49, 0.119,270.48, 43.21, 32.14, 37.67,
1989,50, 0.117,269.89, 47.83, 27.26, 37.55,
1989,51, 0.118,269.83, 54.89, 21.59, 38.24,
1989,52, 0.124,270.27, 62.60, 18.00, 40.30,
1990, 1, 0.133,271.25, 70.42, 13.26, 41.84,
1990, 2, 0.140,272.33, 77.90,  8.06, 42.98,
1990, 3, 0.144,272.95, 82.17,  6.24, 44.21,
1990, 4, 0.153,274.14, 85.67,  4.14, 44.90,
1990, 5, 0.164,275.80, 85.51,  1.81, 43.66,
1990, 6, 0.178,277.34, 84.58,  0.96, 42.77,
1990, 7, 0.188,278.66, 82.95,  0.66, 41.80,
1990, 8, 0.195,279.99, 81.79,  0.81, 41.30,
1990, 9, 0.206,281.53, 81.86,  0.79, 41.32,
1990,10, 0.335,285.28, 58.29, 64.97, 61.63,
1990,11, 0.246,284.89, 88.68,  0.72, 44.70,
1990,12, 0.267,286.60, 91.11,  0.46, 45.79,
1990,13, 0.282,286.95, 90.53,  2.15, 46.34,
1990,14, 0.296,287.06, 88.06,  5.84, 46.95,
1990,15, 0.309,286.89, 84.18, 13.71, 48.95,
1990,16, 0.323,286.39, 78.50, 30.01, 54.26,
1990,17, 0.347,286.68, 74.86, 41.57, 58.22,
1990,18, 0.376,287.52, 74.60, 46.43, 60.52,
1990,19, 0.396,288.17, 71.43, 50.27, 60.85,
1990,20, 0.407,288.55, 66.90, 56.02, 61.46,
1990,21, 0.411,288.60, 60.16, 64.67, 62.42,
1990,22, 0.410,288.72, 51.71, 68.01, 59.86,
1990,23, 0.411,289.31, 47.30, 65.14, 56.22,
1990,24, 0.423,290.38, 48.43, 58.30, 53.37,
1990,25, 0.435,291.68, 49.70, 47.13, 48.42,
1990,26, 0.444,292.53, 50.20, 41.28, 45.74,
1990,27, 0.449,292.98, 49.10, 41.73, 45.42,
1990,28, 0.453,293.36, 51.65, 40.75, 46.20,
1990,29, 0.449,293.44, 51.35, 41.68, 46.52,
1990,30, 0.444,293.65, 50.69, 40.62, 45.65,
1990,31, 0.443,294.07, 50.23, 34.15, 42.19,
1990,32, 0.438,294.20, 48.22, 30.44, 39.33,
1990,33, 0.426,293.56, 43.56, 34.50, 39.03,
1990,34, 0.409,292.36, 38.00, 44.85, 41.43,
1990,35, 0.378,290.51, 31.24, 57.84, 44.54,
1990,36, 0.342,287.98, 26.74, 69.39, 48.06,
1990,37, 0.312,286.09, 25.77, 69.55, 47.66,
1990,38, 0.299,285.17, 26.75, 65.12, 45.94,
1990,39, 0.300,284.93, 32.21, 54.65, 43.43,
1990,40, 0.300,284.39, 35.16, 47.93, 41.55,
1990,41, 0.290,283.39, 37.80, 40.95, 39.38,
1990,42, 0.268,282.10, 38.83, 37.60, 38.22,
1990,43, 0.236,280.01, 37.81, 39.27, 38.54,
1990,44, 0.202,277.85, 36.21, 39.46, 37.83,
1990,45, 0.170,275.83, 33.22, 37.72, 35.47,
1990,46, 0.142,273.87, 31.41, 37.05, 34.23,
1990,47, 0.119,271.85, 30.68, 38.25, 34.47,
1990,48, 0.100,270.04, 28.73, 40.00, 34.36,
1990,49, 0.086,268.54, 25.85, 40.24, 33.04,
1990,50, 0.079,267.71, 26.10, 36.54, 31.32,
1990,51, 0.079,267.38, 31.11, 32.22, 31.66,
1990,52, 0.086,267.56, 37.91, 29.32, 33.62,
1991, 1, 0.097,267.85, 46.13, 28.17, 37.15,
1991, 2, 0.105,267.80, 53.59, 28.67, 41.13,
1991, 3, 0.107,267.53, 55.96, 31.56, 43.76,
1991, 4, 0.102,266.81, 49.97, 38.56, 44.27,
1991, 5, 0.094,265.96, 40.03, 47.03, 43.53,
1991, 6, 0.088,265.77, 32.21, 52.29, 42.25,
1991, 7, 0.086,267.03, 28.29, 51.29, 39.79,
1991, 8, 0.090,269.84, 28.45, 45.10, 36.78,
1991, 9, 0.092,271.97, 27.45, 43.50, 35.47,
1991,10, 0.096,274.01, 26.14, 42.39, 34.27,
1991,11, 0.102,276.17, 25.12, 41.70, 33.41,
1991,12, 0.109,277.92, 23.19, 44.90, 34.04,
1991,13, 0.111,278.57, 17.83, 52.69, 35.26,
1991,14, 0.118,278.76, 12.42, 63.63, 38.02,
1991,15, 0.134,279.18, 10.45, 72.86, 41.66,
1991,16, 0.153,280.03,  9.65, 79.91, 44.78,
1991,17, 0.175,280.86,  9.36, 86.26, 47.81,
1991,18, 0.202,281.80, 10.41, 91.59, 51.00,
1991,19, 0.236,282.75, 13.29, 94.75, 54.02,
1991,20, 0.273,284.30, 16.94, 92.18, 54.56,
1991,21, 0.313,286.12, 21.48, 85.52, 53.50,
1991,22, 0.356,287.41, 28.79, 79.44, 54.12,
1991,23, 0.393,289.10, 38.39, 67.62, 53.01,
1991,24, 0.424,290.96, 48.59, 52.97, 50.78,
1991,25, 0.448,292.30, 56.45, 41.01, 48.73,
1991,26, 0.461,292.83, 59.02, 38.35, 48.69,
1991,27, 0.464,292.90, 58.47, 43.42, 50.94,
1991,28, 0.461,293.02, 59.40, 45.97, 52.68,
1991,29, 0.455,293.04, 59.92, 47.44, 53.68,
1991,30, 0.454,293.15, 61.91, 47.17, 54.54,
1991,31, 0.445,292.85, 57.74, 50.14, 53.94,
1991,32, 0.440,292.54, 56.89, 52.59, 54.74,
1991,33, 0.438,292.17, 56.94, 53.40, 55.17,
1991,34, 0.440,291.86, 61.70, 51.82, 56.76,
1991,35, 0.439,291.35, 67.85, 47.69, 57.77,
1991,36, 0.428,290.23, 70.69, 45.92, 58.30,
1991,37, 0.417,289.30, 73.15, 40.44, 56.79,
1991,38, 0.411,288.92, 75.96, 31.24, 53.60,
1991,39, 0.393,288.01, 74.37, 26.17, 50.27,
1991,40, 0.363,286.65, 67.35, 25.72, 46.54,
1991,41, 0.325,284.85, 58.93, 27.27, 43.10,
1991,42, 0.287,282.54, 53.06, 34.49, 43.78,
1991,43, 0.251,279.93, 49.48, 40.48, 44.98,
1991,44, 0.214,278.00, 45.58, 38.43, 42.01,
1991,45, 0.186,276.40, 44.10, 34.02, 39.06,
1991,46, 0.166,275.30, 45.35, 29.20, 37.28,
1991,47, 0.144,274.23, 43.91, 26.46, 35.19,
1991,48, 0.122,272.58, 40.63, 28.06, 34.34,
1991,49, 0.103,270.41, 34.88, 31.69, 33.29,
1991,50, 0.090,268.62, 32.49, 32.05, 32.27,
1991,51, 0.082,267.37, 32.94, 31.64, 32.29,
1991,52, 0.074,266.45, 30.17, 33.38, 31.77,
1992, 1, 0.071,265.70, 28.55, 36.44, 32.49,
1992, 2, 0.071,265.63, 29.43, 36.76, 33.09,
1992, 3, 0.073,266.02, 31.61, 36.31, 33.96,
1992, 4, 0.076,266.82, 32.23, 36.53, 34.38,
1992, 5, 0.079,267.90, 30.74, 37.51, 34.13,
1992, 6, 0.084,269.16, 30.25, 37.53, 33.89,
1992, 7, 0.090,271.03, 29.96, 34.64, 32.30,
1992, 8, 0.098,273.24, 32.01, 31.41, 31.71,
1992, 9, 0.106,274.82, 33.01, 32.31, 32.66,
1992,10, 0.113,276.26, 32.73, 33.79, 33.26,
1992,11, 0.122,277.70, 33.01, 35.60, 34.31,
1992,12, 0.129,278.65, 31.53, 41.83, 36.68,
1992,13, 0.140,279.73, 30.15, 45.93, 38.04,
1992,14, 0.165,281.19, 32.34, 47.09, 39.72,
1992,15, 0.190,282.67, 34.18, 47.21, 40.70,
1992,16, 0.219,284.24, 36.49, 47.94, 42.21,
1992,17, 0.250,285.57, 37.56, 50.65, 44.11,
1992,18, 0.282,286.92, 39.33, 50.86, 45.09,
1992,19, 0.317,287.82, 41.59, 52.39, 46.99,
1992,20, 0.343,288.43, 41.19, 56.50, 48.85,
1992,21, 0.364,289.12, 39.34, 59.22, 49.28,
1992,22, 0.375,289.61, 34.95, 59.42, 47.19,
1992,23, 0.379,290.18, 31.42, 57.00, 44.21,
1992,24, 0.392,290.96, 33.70, 52.54, 43.12,
1992,25, 0.407,291.53, 37.20, 49.36, 43.28,
1992,26, 0.421,292.14, 40.32, 46.24, 43.28,
1992,27, 0.435,292.78, 44.28, 44.65, 44.46,
1992,28, 0.446,293.26, 51.14, 42.70, 46.92,
1992,29, 0.456,293.65, 58.21, 39.73, 48.97,
1992,30, 0.455,293.80, 58.72, 39.41, 49.06,
1992,31, 0.447,293.96, 54.53, 36.31, 45.42,
1992,32, 0.444,293.95, 54.06, 34.50, 44.28,
1992,33, 0.442,293.68, 54.58, 33.74, 44.16,
1992,34, 0.435,293.16, 54.45, 35.15, 44.80,
1992,35, 0.423,292.16, 55.35, 38.39, 46.87,
1992,36, 0.404,290.41, 56.19, 44.53, 50.36,
1992,37, 0.387,288.69, 57.75, 46.32, 52.04,
1992,38, 0.369,287.12, 55.85, 47.87, 51.86,
1992,39, 0.339,285.16, 49.20, 52.68, 50.94,
1992,40, 0.309,283.16, 39.86, 60.38, 50.12,
1992,41, 0.278,280.98, 33.25, 65.47, 49.36,
1992,42, 0.238,277.82, 26.21, 75.51, 50.86,
1992,43, 0.203,274.45, 23.07, 80.87, 51.97,
1992,44, 0.167,272.18, 18.93, 78.02, 48.47,
1992,45, 0.142,270.28, 19.07, 70.36, 44.71,
1992,46, 0.117,267.72, 19.01, 68.03, 43.52,
1992,47, 0.100,265.53, 20.96, 67.34, 44.15,
1992,48, 0.093,264.11, 25.33, 65.91, 45.62,
1992,49, 0.082,262.96, 24.58, 64.21, 44.39,
1992,50, 0.076,261.85, 25.15, 61.60, 43.37,
1992,51, 0.076,261.78, 29.65, 55.84, 42.74,
1992,52, 0.076,262.27, 32.00, 50.95, 41.48,
1993, 1, 0.080,263.29, 34.93, 47.47, 41.20,
1993, 2, 0.086,264.76, 40.42, 41.85, 41.14,
1993, 3, 0.094,266.62, 46.86, 35.70, 41.28,
1993, 4, 0.101,267.79, 49.68, 34.67, 42.18,
1993, 5, 0.106,269.42, 48.15, 31.89, 40.02,
1993, 6, 0.105,269.60, 41.92, 35.83, 38.88,
1993, 7, 0.095,268.38, 33.13, 45.31, 39.22,
1993, 8, 0.086,267.51, 26.05, 54.45, 40.25,
1993, 9, 0.082,267.45, 21.50, 62.11, 41.80,
1993,10, 0.081,267.92, 18.52, 67.52, 43.02,
1993,11, 0.086,268.76, 17.28, 73.35, 45.32,
1993,12, 0.098,270.48, 18.42, 79.03, 48.72,
1993,13, 0.117,272.90, 20.10, 81.60, 50.85,
1993,14, 0.143,275.44, 22.52, 81.91, 52.21,
1993,15, 0.178,278.73, 28.76, 74.88, 51.82,
1993,16, 0.232,283.20, 40.83, 57.35, 49.09,
1993,17, 0.278,286.56, 47.16, 43.78, 45.47,
1993,18, 0.321,289.19, 52.44, 32.40, 42.42,
1993,19, 0.356,290.24, 54.29, 31.59, 42.94,
1993,20, 0.381,290.47, 53.86, 38.38, 46.12,
1993,21, 0.406,291.14, 54.39, 41.16, 47.77,
1993,22, 0.417,291.14, 51.18, 46.39, 48.78,
1993,23, 0.426,291.05, 50.95, 50.07, 50.51,
1993,24, 0.435,291.01, 52.30, 52.82, 52.56,
1993,25, 0.441,290.99, 53.12, 55.59, 54.36,
1993,26, 0.443,291.24, 51.93, 56.69, 54.31,
1993,27, 0.442,291.52, 49.25, 59.76, 54.50,
1993,28, 0.444,291.73, 52.29, 62.29, 57.29,
1993,29, 0.455,292.20, 59.46, 58.67, 59.07,
1993,30, 0.460,292.38, 62.29, 57.78, 60.03,
1993,31, 0.461,292.37, 62.66, 57.68, 60.17,
1993,32, 0.454,292.05, 60.25, 60.26, 60.26,
1993,33, 0.437,291.45, 53.11, 64.48, 58.80,
1993,34, 0.414,290.81, 44.52, 66.82, 55.67,
1993,35, 0.387,289.98, 38.31, 65.85, 52.08,
1993,36, 0.366,289.09, 38.95, 58.88, 48.91,
1993,37, 0.353,288.56, 43.58, 47.74, 45.66,
1993,38, 0.333,287.48, 40.91, 44.78, 42.85,
1993,39, 0.302,286.56, 32.87, 39.67, 36.27,
1993,40, 0.267,285.51, 21.15, 37.22, 29.19,
1993,41, 0.234,283.78, 14.81, 38.31, 26.56,
1993,42, 0.205,281.77, 13.36, 41.75, 27.56,
1993,43, 0.174,279.46, 12.54, 44.77, 28.65,
1993,44, 0.146,276.79, 11.57, 47.46, 29.51,
1993,45, 0.121,274.74, 11.61, 44.08, 27.85,
1993,46, 0.097,272.81, 12.16, 42.13, 27.14,
1993,47, 0.077,271.44, 12.24, 39.90, 26.07,
1993,48, 0.064,270.39, 13.92, 38.32, 26.12,
1993,49, 0.056,270.07, 13.45, 33.65, 23.55,
1993,50, 0.057,270.18, 16.59, 26.13, 21.36,
1993,51, 0.057,269.49, 20.21, 23.83, 22.02,
1993,52, 0.056,269.17, 21.24, 23.55, 22.40,
1994, 1, 0.061,268.35, 24.06, 27.32, 25.69,
1994, 2, 0.066,267.37, 27.81, 32.17, 29.99,
1994, 3, 0.094,266.24, 49.15, 39.22, 44.18,
1994, 4, 0.095,265.04, 47.59, 47.78, 47.68,
1994, 5, 0.097,264.14, 43.42, 55.85, 49.64,
1994, 6, 0.099,264.67, 39.42, 56.95, 48.18,
1994, 7, 0.106,265.99, 39.04, 54.80, 46.92,
1994, 8, 0.118,268.72, 42.56, 48.55, 45.56,
1994, 9, 0.133,271.75, 46.67, 43.43, 45.05,
1994,10, 0.149,275.22, 50.04, 36.35, 43.20,
1994,11, 0.167,278.17, 53.51, 32.02, 42.76,
1994,12, 0.182,279.93, 54.22, 34.25, 44.24,
1994,13, 0.196,281.48, 53.63, 34.29, 43.96,
1994,14, 0.214,282.54, 53.05, 36.90, 44.97,
1994,15, 0.234,283.49, 52.57, 40.09, 46.33,
1994,16, 0.259,284.36, 52.35, 46.51, 49.43,
1994,17, 0.282,284.82, 49.71, 56.87, 53.29,
1994,18, 0.312,285.43, 50.37, 64.48, 57.42,
1994,19, 0.347,286.40, 52.57, 66.22, 59.40,
1994,20, 0.379,287.12, 55.22, 69.26, 62.24,
1994,21, 0.408,287.94, 57.68, 70.73, 64.20,
1994,22, 0.436,288.76, 61.80, 67.90, 64.85,
1994,23, 0.466,289.80, 69.91, 61.22, 65.57,
1994,24, 0.492,290.91, 78.06, 53.45, 65.75,
1994,25, 0.504,291.84, 80.83, 45.69, 63.26,
1994,26, 0.506,292.92, 79.46, 36.38, 57.92,
1994,27, 0.502,293.96, 75.55, 29.46, 52.51,
1994,28, 0.489,294.60, 69.11, 25.17, 47.14,
1994,29, 0.472,295.24, 61.59, 19.81, 40.70,
1994,30, 0.449,295.44, 51.51, 19.07, 35.29,
1994,31, 0.424,295.23, 39.02, 19.83, 29.42,
1994,32, 0.395,294.63, 27.39, 25.36, 26.37,
1994,33, 0.368,293.84, 18.95, 31.82, 25.39,
1994,34, 0.346,293.30, 14.72, 33.87, 24.30,
1994,35, 0.331,293.02, 15.33, 28.77, 22.05,
1994,36, 0.329,293.38, 22.01, 16.11, 19.06,
1994,37,-1.000, -1.00, -1.00, -1.00, -1.00,
1994,38,-1.000, -1.00, -1.00, -1.00, -1.00,
1994,39,-1.000, -1.00, -1.00, -1.00, -1.00,
1994,40,-1.000, -1.00, -1.00, -1.00, -1.00,
1994,41,-1.000, -1.00, -1.00, -1.00, -1.00,
1994,42,-1.000, -1.00, -1.00, -1.00, -1.00,
1994,43,-1.000, -1.00, -1.00, -1.00, -1.00,
1994,44,-1.000, -1.00, -1.00, -1.00, -1.00,
1994,45,-1.000, -1.00, -1.00, -1.00, -1.00,
1994,46,-1.000, -1.00, -1.00, -1.00, -1.00,
1994,47,-1.000, -1.00, -1.00, -1.00, -1.00,
1994,48,-1.000, -1.00, -1.00, -1.00, -1.00,
1994,49,-1.000, -1.00, -1.00, -1.00, -1.00,
1994,50,-1.000, -1.00, -1.00, -1.00, -1.00,
1994,51,-1.000, -1.00, -1.00, -1.00, -1.00,
1994,52,-1.000, -1.00, -1.00, -1.00, -1.00,
1995, 1,-1.000, -1.00, -1.00, -1.00, -1.00,
1995, 2,-1.000, -1.00, -1.00, -1.00, -1.00,
1995, 3,-1.000, -1.00, -1.00, -1.00, -1.00,
1995, 4, 0.171,273.70, 84.46, 10.20, 47.33,
1995, 5, 0.177,274.55, 84.81, 11.50, 48.16,
1995, 6, 0.178,275.61, 81.42, 12.41, 46.92,
1995, 7, 0.178,276.65, 76.34, 13.17, 44.76,
1995, 8, 0.176,277.32, 70.47, 16.06, 43.26,
1995, 9, 0.172,277.54, 63.85, 22.35, 43.10,
1995,10, 0.166,277.37, 56.50, 31.16, 43.83,
1995,11, 0.162,277.01, 49.83, 40.96, 45.39,
1995,12, 0.165,276.97, 46.23, 51.80, 49.02,
1995,13, 0.173,277.39, 43.77, 60.26, 52.02,
1995,14, 0.189,278.60, 42.66, 64.52, 53.59,
1995,15, 0.210,280.46, 42.89, 63.89, 53.39,
1995,16, 0.234,282.69, 42.75, 60.30, 51.52,
1995,17, 0.262,284.74, 42.15, 57.75, 49.95,
1995,18, 0.294,286.58, 43.76, 54.19, 48.97,
1995,19, 0.331,288.23, 46.76, 49.11, 47.94,
1995,20, 0.370,289.95, 51.53, 42.46, 46.99,
1995,21, 0.399,290.98, 53.29, 41.38, 47.33,
1995,22, 0.422,292.15, 54.74, 35.35, 45.05,
1995,23, 0.436,292.75, 56.31, 32.77, 44.54,
1995,24, 0.445,292.90, 57.33, 32.67, 45.00,
1995,25, 0.460,293.32, 60.56, 28.92, 44.74,
1995,26, 0.477,294.12, 64.93, 22.04, 43.48,
1995,27, 0.489,295.06, 67.66, 15.75, 41.71,
1995,28, 0.494,295.57, 71.02, 12.36, 41.69,
1995,29, 0.491,295.70, 71.29, 12.80, 42.04,
1995,30, 0.484,295.90, 68.80, 12.44, 40.62,
1995,31, 0.470,295.57, 62.61, 14.51, 38.56,
1995,32, 0.455,295.10, 56.77, 17.79, 37.28,
1995,33, 0.440,294.42, 51.49, 22.06, 36.77,
1995,34, 0.426,293.58, 48.08, 27.98, 38.03,
1995,35, 0.409,292.36, 47.97, 34.99, 41.48,
1995,36, 0.397,290.82, 52.71, 39.60, 46.16,
1995,37, 0.386,289.41, 57.57, 39.50, 48.53,
1995,38, 0.375,288.20, 58.97, 38.11, 48.54,
1995,39, 0.365,287.08, 60.42, 35.34, 47.88,
1995,40, 0.349,285.96, 58.26, 33.54, 45.90,
1995,41, 0.322,284.41, 54.05, 32.74, 43.40,
1995,42, 0.284,281.86, 47.17, 42.06, 44.61,
1995,43, 0.232,278.53, 35.08, 52.60, 43.84,
1995,44, 0.174,274.41, 19.65, 63.46, 41.55,
1995,45, 0.132,270.84, 10.39, 66.08, 38.24,
1995,46, 0.102,267.78,  7.86, 66.23, 37.05,
1995,47, 0.083,265.28,  8.12, 66.02, 37.07,
1995,48, 0.068,263.39,  8.60, 65.52, 37.06,
1995,49, 0.061,261.42,  9.02, 66.36, 37.69,
1995,50, 0.054,259.04,  8.66, 67.68, 38.17,
1995,51, 0.045,256.65,  7.94, 70.59, 39.26,
1995,52, 0.042,255.25,  7.75, 72.76, 40.25,
1996, 1, 0.043,255.01,  7.48, 74.94, 41.21,
1996, 2, 0.045,255.96,  8.98, 73.44, 41.21,
1996, 3, 0.047,257.04, 10.11, 71.48, 40.79,
1996, 4, 0.046,257.57,  9.81, 74.01, 41.91,
1996, 5, 0.046,258.28,  8.97, 76.83, 42.90,
1996, 6, 0.045,258.44,  7.06, 80.97, 44.02,
1996, 7, 0.045,259.11,  6.27, 82.26, 44.27,
1996, 8, 0.047,261.02,  7.21, 80.25, 43.73,
1996, 9, 0.051,263.21,  8.11, 79.16, 43.63,
1996,10, 0.057,265.47,  8.91, 77.27, 43.09,
1996,11, 0.064,267.41,  9.08, 78.42, 43.75,
1996,12, 0.071,269.64,  8.22, 82.67, 45.45,
1996,13, 0.085,272.77,  7.56, 83.04, 45.30,
1996,14, 0.109,276.29,  8.39, 78.63, 43.51,
1996,15, 0.141,280.23, 12.97, 65.80, 39.38,
1996,16, 0.184,284.20, 20.89, 48.91, 34.90,
1996,17, 0.229,287.13, 27.58, 38.51, 33.04,
1996,18, 0.281,289.57, 36.10, 28.70, 32.40,
1996,19, 0.334,290.57, 44.22, 28.91, 36.56,
1996,20, 0.390,292.14, 54.38, 22.84, 38.61,
1996,21, 0.438,294.30, 62.97, 11.33, 37.15,
1996,22, 0.462,295.01, 64.46,  9.96, 37.21,
1996,23, 0.474,295.26, 65.45, 10.21, 37.83,
1996,24, 0.478,295.28, 64.72,  9.75, 37.23,
1996,25, 0.472,294.76, 60.33, 14.01, 37.17,
1996,26, 0.464,294.28, 55.38, 21.15, 38.26,
1996,27, 0.453,293.45, 48.66, 36.02, 42.34,
1996,28, 0.448,293.01, 49.25, 45.45, 47.35,
1996,29, 0.443,292.97, 50.77, 47.91, 49.34,
1996,30, 0.423,292.19, 44.72, 58.71, 51.71,
1996,31, 0.402,291.28, 34.58, 69.91, 52.25,
1996,32, 0.380,290.04, 24.22, 84.78, 54.50,
1996,33, 0.371,289.67, 21.04, 86.04, 53.54,
1996,34, 0.358,289.33, 18.36, 83.72, 51.04,
1996,35, 0.328,287.74, 12.30, 90.18, 51.24,
1996,36, 0.295,285.54,  9.43, 93.60, 51.52,
1996,37, 0.267,283.41,  9.43, 93.25, 51.34,
1996,38, 0.257,282.84, 11.22, 86.43, 48.82,
1996,39, 0.256,283.06, 14.52, 71.99, 43.26,
1996,40, 0.259,283.49, 16.86, 57.35, 37.11,
1996,41, 0.257,283.29, 21.89, 43.09, 32.49,
1996,42, 0.246,282.64, 28.25, 34.22, 31.24,
1996,43, 0.223,281.30, 30.84, 31.18, 31.01,
1996,44, 0.199,279.77, 32.81, 26.80, 29.80,
1996,45, 0.174,277.38, 33.80, 28.56, 31.18,
1996,46, 0.158,275.26, 38.61, 29.79, 34.20,
1996,47, 0.142,273.46, 41.00, 30.42, 35.71,
1996,48, 0.116,270.48, 35.79, 37.36, 36.58,
1996,49, 0.092,266.81, 27.64, 46.55, 37.10,
1996,50, 0.076,263.48, 22.72, 52.71, 37.71,
1996,51, 0.070,261.66, 24.38, 53.37, 38.87,
1996,52, 0.067,260.93, 23.86, 52.91, 38.38,
1997, 1, 0.063,260.40, 21.51, 54.86, 38.19,
1997, 2, 0.062,260.52, 21.69, 54.91, 38.30,
1997, 3, 0.067,261.42, 24.89, 51.95, 38.42,
1997, 4, 0.075,263.30, 29.83, 46.60, 38.21,
1997, 5, 0.085,265.28, 33.96, 44.05, 39.00,
1997, 6, 0.101,267.72, 39.57, 40.55, 40.06,
1997, 7, 0.121,271.08, 46.98, 32.33, 39.66,
1997, 8, 0.142,274.56, 54.64, 24.60, 39.62,
1997, 9, 0.159,276.41, 59.23, 24.40, 41.82,
1997,10, 0.172,278.29, 61.15, 24.53, 42.84,
1997,11, 0.186,280.74, 61.66, 22.20, 41.93,
1997,12, 0.190,282.06, 57.70, 25.70, 41.70,
1997,13, 0.194,283.03, 52.96, 27.50, 40.23,
1997,14, 0.194,283.33, 44.80, 33.05, 38.93,
1997,15, 0.199,283.82, 37.94, 37.96, 37.95,
1997,16, 0.216,284.93, 34.88, 41.17, 38.03,
1997,17, 0.240,286.33, 33.34, 42.76, 38.05,
1997,18, 0.267,287.26, 32.87, 46.35, 39.61,
1997,19, 0.298,288.05, 33.64, 49.05, 41.35,
1997,20, 0.328,288.70, 34.65, 52.20, 43.43,
1997,21, 0.356,288.76, 35.71, 60.63, 48.17,
1997,22, 0.378,288.50, 36.57, 68.56, 52.56,
1997,23, 0.403,289.23, 42.67, 65.10, 53.88,
1997,24, 0.432,290.69, 53.12, 54.79, 53.95,
1997,25, 0.451,291.34, 60.29, 50.62, 55.45,
1997,26, 0.465,291.77, 64.82, 49.40, 57.11,
1997,27, 0.465,291.46, 63.11, 59.31, 61.21,
1997,28, 0.451,290.81, 58.26, 72.88, 65.57,
1997,29, 0.444,290.79, 57.88, 74.90, 66.39,
1997,30, 0.448,290.99, 60.92, 73.36, 67.14,
1997,31, 0.451,291.08, 61.49, 73.21, 67.35,
1997,32, 0.446,290.83, 58.67, 75.78, 67.23,
1997,33, 0.438,290.48, 55.58, 76.99, 66.29,
1997,34, 0.431,290.13, 54.82, 75.49, 65.15,
1997,35, 0.429,289.61, 60.67, 70.13, 65.40,
1997,36, 0.419,288.85, 64.36, 61.28, 62.82,
1997,37, 0.402,288.06, 64.76, 52.54, 58.65,
1997,38, 0.388,287.22, 64.36, 47.71, 56.04,
1997,39, 0.371,285.99, 62.99, 45.53, 54.26,
1997,40, 0.350,284.02, 59.42, 52.60, 56.01,
1997,41, 0.317,281.45, 52.66, 62.03, 57.34,
1997,42, 0.289,279.29, 51.54, 64.33, 57.94,
1997,43, 0.266,277.03, 53.81, 63.65, 58.73,
1997,44, 0.234,274.62, 52.83, 62.57, 57.70,
1997,45, 0.190,271.21, 43.81, 65.04, 54.42,
1997,46, 0.152,268.39, 36.34, 64.53, 50.43,
1997,47, 0.126,266.46, 33.49, 62.77, 48.13,
1997,48, 0.110,264.66, 33.01, 63.17, 48.09,
1997,49, 0.100,263.54, 32.31, 61.33, 46.82,
1997,50, 0.095,263.45, 34.75, 54.18, 44.47,
1997,51, 0.100,264.76, 42.81, 42.51, 42.66,
1997,52, 0.109,266.69, 51.23, 31.97, 41.60,
1998, 1, 0.121,268.47, 61.20, 24.16, 42.68,
1998, 2, 0.131,269.65, 70.95, 18.67, 44.81,
1998, 3, 0.138,270.33, 76.95, 16.84, 46.89,
1998, 4, 0.141,270.71, 76.49, 18.97, 47.73,
1998, 5, 0.148,271.27, 74.12, 22.11, 48.12,
1998, 6, 0.156,271.61, 71.56, 26.66, 49.11,
1998, 7, 0.167,272.76, 71.70, 27.41, 49.55,
1998, 8, 0.175,273.96, 70.97, 28.81, 49.89,
1998, 9, 0.173,274.06, 65.74, 36.60, 51.17,
1998,10, 0.170,274.14, 59.44, 44.31, 51.87,
1998,11, 0.169,274.78, 53.81, 50.15, 51.98,
1998,12, 0.174,275.97, 50.67, 56.19, 53.43,
1998,13, 0.187,277.86, 49.88, 57.47, 53.67,
1998,14, 0.206,279.49, 49.47, 58.71, 54.09,
1998,15, 0.237,281.56, 53.95, 55.23, 54.59,
1998,16, 0.270,283.08, 56.97, 57.05, 57.01,
1998,17, 0.302,284.18, 57.18, 61.79, 59.49,
1998,18, 0.335,285.28, 58.29, 64.97, 61.63,
1998,19, 0.371,286.85, 60.65, 61.42, 61.03,
1998,20, 0.400,287.89, 61.62, 61.83, 61.72,
1998,21, 0.419,288.80, 59.76, 63.02, 61.39,
1998,22, 0.425,288.92, 54.15, 66.70, 60.42,
1998,23, 0.421,289.06, 48.60, 67.91, 58.26,
1998,24, 0.413,289.23, 42.48, 69.49, 55.98,
1998,25, 0.407,289.04, 36.78, 74.56, 55.67,
1998,26, 0.406,289.19, 33.38, 77.51, 55.45,
1998,27, 0.413,289.71, 32.55, 79.40, 55.97,
1998,28, 0.433,291.05, 43.09, 70.28, 56.69,
1998,29, 0.456,292.32, 57.29, 56.94, 57.11,
1998,30, 0.470,292.88, 65.87, 51.78, 58.83,
1998,31, 0.467,292.50, 64.79, 56.46, 60.62,
1998,32, 0.465,292.11, 65.68, 59.84, 62.76,
1998,33, 0.461,291.28, 65.95, 66.96, 66.45,
1998,34, 0.449,290.14, 63.07, 76.24, 69.66,
1998,35, 0.439,289.67, 64.97, 70.00, 67.48,
1998,36, 0.418,288.70, 63.64, 63.03, 63.34,
1998,37, 0.400,287.83, 63.62, 54.73, 59.17,
1998,38, 0.375,286.50, 58.68, 54.32, 56.50,
1998,39, 0.340,284.36, 49.29, 60.99, 55.14,
1998,40, 0.307,282.62, 38.44, 66.78, 52.61,
1998,41, 0.284,281.45, 35.72, 62.39, 49.06,
1998,42, 0.265,279.68, 38.40, 61.14, 49.77,
1998,43, 0.241,277.41, 40.75, 60.69, 50.72,
1998,44, 0.203,274.69, 36.10, 61.87, 48.98,
1998,45, 0.169,272.31, 31.73, 58.36, 45.05,
1998,46, 0.136,269.18, 27.01, 60.30, 43.65,
1998,47, 0.109,266.18, 23.44, 63.68, 43.56,
1998,48, 0.095,264.65, 24.79, 62.56, 43.67,
1998,49, 0.088,264.06, 25.29, 58.15, 41.72,
1998,50, 0.080,263.23, 25.46, 53.79, 39.62,
1998,51, 0.075,263.10, 27.72, 48.05, 37.88,
1998,52, 0.074,263.04, 29.07, 44.95, 37.01,
1999, 1, 0.074,263.02, 29.66, 44.30, 36.98,
1999, 2, 0.077,262.68, 32.67, 45.30, 38.99,
1999, 3, 0.079,261.68, 35.36, 50.64, 43.00,
1999, 4, 0.079,260.02, 34.12, 61.96, 48.04,
1999, 5, 0.079,258.88, 30.49, 71.43, 50.96,
1999, 6, 0.079,258.11, 27.14, 78.38, 52.76,
1999, 7, 0.082,258.06, 25.64, 82.40, 54.02,
1999, 8, 0.089,259.25, 27.27, 83.56, 55.42,
1999, 9, 0.101,262.19, 30.54, 80.19, 55.37,
1999,10, 0.115,266.49, 34.34, 70.43, 52.38,
1999,11, 0.138,271.13, 40.63, 61.20, 50.91,
1999,12, 0.169,275.96, 48.81, 52.44, 50.62,
1999,13, 0.200,279.51, 55.30, 44.97, 50.14,
1999,14, 0.233,281.95, 61.06, 40.50, 50.78,
1999,15, 0.266,283.82, 65.94, 37.90, 51.92,
1999,16, 0.302,285.57, 69.38, 37.36, 53.37,
1999,17, 0.339,286.70, 70.61, 41.59, 56.10,
1999,18, 0.384,288.02, 75.72, 41.71, 58.71,
1999,19, 0.427,289.69, 79.95, 36.21, 58.08,
1999,20, 0.461,290.92, 83.47, 33.36, 58.41,
1999,21, 0.475,291.31, 81.55, 38.07, 59.81,
1999,22, 0.481,291.64, 77.97, 39.50, 58.73,
1999,23, 0.475,292.08, 73.01, 37.90, 55.45,
1999,24, 0.468,292.27, 68.51, 37.29, 52.90,
1999,25, 0.465,292.53, 64.88, 35.31, 50.09,
1999,26, 0.459,292.48, 59.44, 38.74, 49.09,
1999,27, 0.454,292.34, 53.89, 47.09, 50.49,
1999,28, 0.440,292.12, 48.44, 55.26, 51.85,
1999,29, 0.420,291.64, 41.98, 63.06, 52.52,
1999,30, 0.402,290.88, 36.28, 72.84, 54.56,
1999,31, 0.401,290.66, 34.23, 76.83, 55.53,
1999,32, 0.405,290.58, 36.28, 77.99, 57.14,
1999,33, 0.416,290.56, 43.12, 75.27, 59.19,
1999,34, 0.419,289.83, 48.47, 79.02, 63.74,
1999,35, 0.423,289.18, 56.97, 75.06, 66.02,
1999,36, 0.418,288.83, 63.07, 61.27, 62.17,
1999,37, 0.405,288.29, 66.03, 49.96, 57.99,
1999,38, 0.386,287.45, 63.25, 44.90, 54.08,
1999,39, 0.350,285.74, 54.13, 47.43, 50.78,
1999,40, 0.309,282.99, 40.33, 61.82, 51.08,
1999,41, 0.265,279.85, 27.37, 75.72, 51.54,
1999,42, 0.233,277.80, 23.41, 75.77, 49.59,
1999,43, 0.203,276.10, 22.30, 69.70, 46.00,
1999,44, 0.179,274.98, 23.65, 59.65, 41.65,
1999,45, 0.159,273.39, 26.49, 51.88, 39.19,
1999,46, 0.143,272.02, 31.18, 45.96, 38.57,
1999,47, 0.125,270.48, 32.78, 44.02, 38.40,
1999,48, 0.105,268.31, 30.82, 47.10, 38.96,
1999,49, 0.090,265.97, 27.25, 51.12, 39.19,
1999,50, 0.081,264.28, 26.87, 51.35, 39.11,
1999,51, 0.073,261.93, 27.14, 55.78, 41.46,
1999,52, 0.066,259.90, 24.42, 61.43, 42.92,
2000, 1, 0.064,258.21, 23.30, 67.33, 45.31,
2000, 2, 0.065,258.12, 24.86, 69.38, 47.12,
2000, 3, 0.070,259.57, 28.99, 66.64, 47.81,
2000, 4, 0.079,261.93, 34.83, 61.69, 48.26,
2000, 5, 0.090,264.54, 37.73, 56.70, 47.22,
2000, 6, 0.103,266.41, 40.96, 53.24, 47.10,
2000, 7, 0.116,268.54, 44.04, 48.22, 46.13,
2000, 8, 0.127,270.46, 46.20, 46.14, 46.17,
2000, 9, 0.136,271.82, 47.05, 47.56, 47.31,
2000,10, 0.142,272.95, 46.12, 49.84, 47.98,
2000,11, 0.153,274.49, 46.38, 50.96, 48.67,
2000,12, 0.168,276.12, 47.88, 54.54, 51.21,
2000,13, 0.189,278.35, 50.77, 53.83, 52.30,
2000,14, 0.216,280.82, 53.88, 49.42, 51.65,
2000,15, 0.255,283.54, 61.19, 40.22, 50.70,
2000,16, 0.302,285.80, 69.18, 35.41, 52.30,
2000,17, 0.354,287.59, 75.94, 34.57, 55.26,
2000,18, 0.405,288.80, 82.77, 35.80, 59.29,
2000,19, 0.437,289.65, 82.72, 37.52, 60.12,
2000,20, 0.459,290.79, 81.35, 35.35, 58.35,
2000,21, 0.475,292.05, 78.38, 32.25, 55.31,
2000,22, 0.478,292.97, 71.70, 28.54, 50.12,
2000,23, 0.475,293.52, 65.91, 26.09, 46.00,
2000,24, 0.478,293.90, 64.09, 23.39, 43.74,
2000,25, 0.472,293.79, 58.84, 24.87, 41.86,
2000,26, 0.460,293.44, 50.84, 31.36, 41.10,
2000,27, 0.448,293.14, 43.16, 40.50, 41.83,
2000,28, 0.440,292.98, 42.03, 46.69, 44.36,
2000,29, 0.441,292.90, 45.81, 49.99, 47.90,
2000,30, 0.438,293.13, 47.04, 48.71, 47.87,
2000,31, 0.424,292.89, 40.19, 50.98, 45.59,
2000,32, 0.416,292.54, 37.21, 53.63, 45.42,
2000,33, 0.416,292.71, 38.99, 47.07, 43.03,
2000,34, 0.410,292.24, 38.92, 47.57, 43.24,
2000,35, 0.395,291.06, 39.03, 52.06, 45.55,
2000,36, 0.379,289.76, 42.48, 51.27, 46.87,
2000,37, 0.365,288.45, 46.40, 48.55, 47.48,
2000,38, 0.341,286.98, 42.46, 49.48, 45.97,
2000,39, 0.311,286.04, 35.08, 44.86, 39.97,
2000,40, 0.281,285.62, 25.27, 36.61, 30.94,
2000,41, 0.251,284.49, 19.50, 31.51, 25.50,
2000,42, 0.220,283.16, 16.92, 29.51, 23.21,
2000,43, 0.191,281.90, 16.93, 25.59, 21.26,
2000,44, 0.156,280.00, 14.35, 24.61, 19.48,
2000,45, 0.134,278.41, 16.23, 21.74, 18.98,
2000,46, 0.124,277.25, 22.57, 18.85, 20.71,
2000,47, 0.112,275.93, 26.94, 18.18, 22.56,
2000,48, 0.104,274.88, 30.77, 17.46, 24.11,
2000,49, 0.100,273.58, 33.11, 17.60, 25.35,
2000,50, 0.097,271.92, 36.33, 17.80, 27.07,
2000,51, 0.095,269.84, 40.60, 21.19, 30.90,
2000,52, 0.097,268.76, 44.85, 23.44, 34.15,
2001, 1, 0.103,267.59, 48.62, 28.02, 38.32,
2001, 2, 0.105,265.94, 52.34, 34.84, 43.59,
2001, 3, 0.105,265.21, 52.66, 38.90, 45.78,
2001, 4, 0.104,264.84, 50.10, 43.33, 46.71,
2001, 5, 0.102,264.32, 44.81, 49.19, 47.00,
2001, 6, 0.106,264.59, 42.91, 51.21, 47.06,
2001, 7, 0.115,265.64, 44.15, 50.07, 47.11,
2001, 8, 0.125,267.77, 46.86, 47.34, 47.10,
2001, 9, 0.135,270.03, 48.56, 47.76, 48.16,
2001,10, 0.153,272.49, 52.62, 47.09, 49.86,
2001,11, 0.180,275.70, 59.72, 42.78, 51.25,
2001,12, 0.205,278.32, 64.24, 41.76, 53.00,
2001,13, 0.225,280.94, 65.80, 37.40, 51.60,
2001,14, 0.247,282.90, 66.52, 34.98, 50.75,
2001,15, 0.263,284.19, 64.10, 35.59, 49.85,
2001,16, 0.283,285.78, 61.22, 35.94, 48.58,
2001,17, 0.313,287.05, 60.25, 39.09, 49.67,
2001,18, 0.344,287.70, 60.54, 45.06, 52.80,
2001,19, 0.380,288.67, 62.38, 46.04, 54.21,
2001,20, 0.407,289.61, 62.67, 46.71, 54.69,
2001,21, 0.414,289.27, 56.33, 59.25, 57.79,
2001,22, 0.422,288.85, 51.62, 68.11, 59.86,
2001,23, 0.421,288.31, 46.76, 75.38, 61.07,
2001,24, 0.432,289.04, 48.57, 72.70, 60.64,
2001,25, 0.451,290.48, 54.43, 62.04, 58.24,
2001,26, 0.468,291.73, 59.95, 52.50, 56.22,
2001,27, 0.484,292.89, 66.16, 44.65, 55.41,
2001,28, 0.488,293.24, 70.77, 44.05, 57.41,
2001,29, 0.491,293.34, 74.64, 44.80, 59.72,
2001,30, 0.495,293.66, 78.99, 42.13, 60.56,
2001,31, 0.491,293.28, 78.68, 45.95, 62.32,
2001,32, 0.486,292.70, 78.34, 51.64, 64.99,
2001,33, 0.486,292.43, 80.88, 50.89, 65.89,
2001,34, 0.472,291.30, 77.83, 60.16, 69.00,
2001,35, 0.451,289.60, 73.75, 70.26, 72.01,
2001,36, 0.428,287.42, 70.48, 76.22, 73.35,
2001,37, 0.419,286.00, 72.99, 71.35, 72.17,
2001,38, 0.413,285.49, 75.64, 63.68, 69.66,
2001,39, 0.405,284.88, 77.78, 56.20, 66.99,
2001,40, 0.391,283.85, 78.06, 54.79, 66.43,
2001,41, 0.379,282.59, 82.38, 51.11, 66.74,
2001,42, 0.357,280.86, 83.77, 50.36, 67.07,
2001,43, 0.323,278.15, 81.26, 54.70, 67.98,
2001,44, 0.283,274.99, 77.01, 59.89, 68.45,
2001,45, 0.239,271.67, 68.88, 62.35, 65.62,
2001,46, 0.186,268.51, 54.13, 64.02, 59.07,
2001,47, 0.143,265.10, 42.38, 69.29, 55.84,
2001,48, 0.110,261.44, 33.54, 77.32, 55.43,
2001,49, 0.095,258.71, 29.73, 81.53, 55.63,
2001,50, 0.087,257.25, 30.44, 79.72, 55.08,
2001,51, 0.083,256.53, 32.90, 76.03, 54.46,
2001,52, 0.083,256.60, 35.59, 71.99, 53.79,
2002, 1, 0.087,257.52, 39.26, 68.60, 53.93,
2002, 2, 0.096,260.38, 47.15, 56.82, 51.99,
2002, 3, 0.115,264.48, 61.92, 40.47, 51.19,
2002, 4, 0.142,268.83, 78.80, 25.65, 52.22,
2002, 5, 0.166,271.64, 87.28, 18.94, 53.11,
2002, 6, 0.186,273.83, 89.41, 15.97, 52.69,
2002, 7, 0.205,275.84, 91.69, 13.77, 52.73,
2002, 8, 0.220,277.41, 93.60, 13.25, 53.42,
2002, 9, 0.235,278.97, 95.54, 13.18, 54.36,
2002,10, 0.246,280.65, 94.94, 13.34, 54.14,
2002,11, 0.259,282.39, 93.94, 13.41, 53.68,
2002,12, 0.270,283.58, 91.47, 16.69, 54.08,
2002,13, 0.276,284.13, 87.50, 19.47, 53.48,
2002,14, 0.281,284.58, 81.45, 23.64, 52.54,
2002,15, 0.289,285.21, 76.05, 27.43, 51.74,
2002,16, 0.312,286.29, 74.06, 31.22, 52.64,
2002,17, 0.346,287.92, 73.96, 31.15, 52.56,
2002,18, 0.385,289.31, 76.98, 30.43, 53.71,
2002,19, 0.412,290.03, 75.82, 32.98, 54.40,
2002,20, 0.434,290.23, 74.71, 39.66, 57.18,
2002,21, 0.449,290.22, 72.17, 48.90, 60.53,
2002,22, 0.466,290.70, 71.28, 49.37, 60.33,
2002,23, 0.481,291.07, 73.66, 49.20, 61.43,
2002,24, 0.501,292.05, 79.70, 42.31, 61.00,
2002,25, 0.512,293.00, 82.58, 33.78, 58.18,
2002,26, 0.509,293.46, 78.69, 31.47, 55.08,
2002,27, 0.499,293.70, 71.62, 34.05, 52.83,
2002,28, 0.484,293.60, 66.57, 38.82, 52.70,
2002,29, 0.469,293.41, 61.74, 42.95, 52.34,
2002,30, 0.450,292.65, 55.08, 53.32, 54.20,
2002,31, 0.436,292.18, 49.17, 58.52, 53.85,
2002,32, 0.428,291.94, 46.67, 60.52, 53.60,
2002,33, 0.422,291.53, 45.28, 62.18, 53.73,
2002,34, 0.408,290.88, 41.33, 64.71, 53.02,
2002,35, 0.385,289.56, 38.03, 69.83, 53.93,
2002,36, 0.358,287.95, 36.12, 69.46, 52.79,
2002,37, 0.318,285.15, 29.75, 77.22, 53.48,
2002,38, 0.284,282.32, 22.07, 89.33, 55.70,
2002,39, 0.253,280.08, 14.11, 95.29, 54.70,
2002,40, 0.247,279.26, 13.70, 94.81, 54.26,
2002,41, 0.232,278.05, 13.23, 90.97, 52.10,
2002,42, 0.206,276.04, 12.17, 88.91, 50.54,
2002,43, 0.171,273.13,  8.28, 89.66, 48.97,
2002,44, 0.150,271.75,  9.90, 80.29, 45.10,
2002,45, 0.140,270.81, 16.53, 66.95, 41.74,
2002,46, 0.134,269.61, 25.39, 58.13, 41.76,
2002,47, 0.126,267.85, 31.92, 56.23, 44.08,
2002,48, 0.121,266.49, 37.38, 55.02, 46.20,
2002,49, 0.117,264.96, 40.32, 55.35, 47.84,
2002,50, 0.106,262.68, 40.07, 57.90, 48.98,
2002,51, 0.095,260.44, 39.75, 61.34, 50.54,
2002,52, 0.088,259.58, 38.47, 61.81, 50.14,
2003, 1, 0.087,259.95, 38.70, 61.06, 49.88,
2003, 2, 0.083,260.01, 37.24, 62.00, 49.62,
2003, 3, 0.077,259.70, 33.07, 65.63, 49.35,
2003, 4, 0.073,259.60, 29.41, 69.53, 49.47,
2003, 5, 0.073,260.30, 26.03, 70.85, 48.44,
2003, 6, 0.074,261.07, 24.29, 71.49, 47.89,
2003, 7, 0.076,261.69, 23.01, 72.42, 47.71,
2003, 8, 0.076,262.92, 22.02, 72.74, 47.38,
2003, 9,-1.000, -1.00, -1.00, -1.00, -1.00,
2003,10, 0.095,267.74, 25.89, 67.45, 46.67,
2003,11, 0.113,270.05, 30.23, 66.91, 48.57,
2003,12, 0.136,272.46, 35.33, 69.41, 52.37,
2003,13, 0.165,275.66, 40.94, 67.16, 54.05,
2003,14, 0.200,279.26, 46.98, 59.19, 53.09,
2003,15, 0.236,282.71, 52.65, 47.10, 49.87,
2003,16, 0.273,285.64, 56.83, 37.46, 47.15,
2003,17, 0.319,288.26, 61.65, 29.66, 45.66,
2003,18, 0.369,290.43, 68.69, 21.79, 45.24,
2003,19, 0.415,292.22, 73.78, 15.07, 44.42,
2003,20, 0.451,293.24, 77.52, 13.54, 45.53,
2003,21, 0.476,293.71, 78.23, 17.20, 47.71,
2003,22, 0.496,294.15, 79.39, 18.01, 48.70,
2003,23, 0.508,294.45, 81.27, 17.84, 49.55,
2003,24, 0.512,294.42, 81.27, 18.62, 49.95,
2003,25, 0.505,294.16, 76.84, 21.24, 49.04,
2003,26, 0.495,293.71, 70.31, 28.03, 49.17,
2003,27, 0.488,293.72, 65.26, 32.67, 48.97,
2003,28, 0.485,294.09, 65.45, 31.70, 48.57,
2003,29, 0.481,294.25, 65.93, 31.20, 48.56,
2003,30, 0.475,294.29, 64.82, 32.16, 48.49,
2003,31, 0.471,294.46, 63.52, 29.10, 46.31,
2003,32, 0.463,294.31, 61.02, 28.99, 45.01,
2003,33, 0.451,293.86, 56.37, 30.31, 43.34,
2003,34, 0.438,292.97, 53.11, 36.76, 44.93,
2003,35, 0.428,292.22, 55.55, 36.85, 46.20,
2003,36, 0.414,291.20, 58.30, 35.32, 46.81,
2003,37, 0.395,289.65, 59.03, 36.90, 47.96,
2003,38, 0.372,287.84, 55.83, 40.56, 48.19,
2003,39, 0.347,285.75, 51.35, 46.59, 48.97,
2003,40, 0.320,283.39, 44.25, 57.43, 50.84,
2003,41, 0.294,281.12, 40.24, 64.14, 52.19,
2003,42, 0.272,279.13, 41.71, 65.09, 53.40,
2003,43, 0.256,278.01, 47.21, 55.67, 51.44,
2003,44, 0.243,277.38, 55.18, 43.09, 49.14,
2003,45, 0.228,276.60, 61.18, 32.80, 46.99,
2003,46, 0.211,275.43, 64.95, 28.42, 46.69,
2003,47, 0.199,274.15, 70.08, 26.65, 48.37,
2003,48, 0.186,272.42, 71.78, 28.33, 50.05,
2003,49, 0.169,270.13, 68.75, 32.12, 50.44,
2003,50, 0.151,267.54, 66.96, 35.40, 51.18,
2003,51, 0.135,264.21, 65.03, 43.04, 54.03,
2003,52, 0.115,258.93, 56.14, 60.84, 58.49,
2004, 1, 0.098,253.77, 46.61, 78.66, 62.63,
2004, 2,-1.000, -1.00, -1.00, -1.00, -1.00,
2004, 3,-1.000, -1.00, -1.00, -1.00, -1.00,
2004, 4,-1.000, -1.00, -1.00, -1.00, -1.00,
2004, 5, 0.081,253.44, 32.05, 90.12, 61.09,
2004, 6, 0.082,255.46, 29.25, 88.36, 58.81,
2004, 7, 0.083,256.35, 27.07, 87.43, 57.25,
2004, 8, 0.083,255.80, 25.63, 89.27, 57.45,
2004, 9, 0.083,254.36, 23.56, 91.33, 57.44,
2004,10, 0.082,254.24, 20.54, 93.37, 56.96,
2004,11,-1.000, -1.00, -1.00, -1.00, -1.00,
2004,12,-1.000, -1.00, -1.00, -1.00, -1.00,
2004,13,-1.000, -1.00, -1.00, -1.00, -1.00,
2004,14,-1.000, -1.00, -1.00, -1.00, -1.00,
2004,15,-1.000, -1.00, -1.00, -1.00, -1.00,
2004,16,-1.000, -1.00, -1.00, -1.00, -1.00,
2004,17,-1.000, -1.00, -1.00, -1.00, -1.00,
2004,18,-1.000, -1.00, -1.00, -1.00, -1.00,
2004,19,-1.000, -1.00, -1.00, -1.00, -1.00,
2004,20,-1.000, -1.00, -1.00, -1.00, -1.00,
2004,21,-1.000, -1.00, -1.00, -1.00, -1.00,
2004,22,-1.000, -1.00, -1.00, -1.00, -1.00,
2004,23,-1.000, -1.00, -1.00, -1.00, -1.00,
2004,24,-1.000, -1.00, -1.00, -1.00, -1.00,
2004,25, 0.453,291.55, 55.53, 47.20, 51.36,
2004,26, 0.443,291.45, 48.64, 51.44, 50.04,
2004,27, 0.438,291.56, 43.25, 56.27, 49.76,
2004,28, 0.430,291.57, 40.83, 60.73, 50.78,
2004,29,-1.000, -1.00, -1.00, -1.00, -1.00,
2004,30, 0.420,291.33, 41.29, 67.25, 54.27,
2004,31, 0.424,291.37, 42.89, 68.08, 55.48,
2004,32, 0.435,291.40, 49.39, 67.66, 58.52,
2004,33, 0.449,291.35, 58.30, 65.33, 61.81,
2004,34, 0.470,291.32, 73.01, 60.19, 66.60,
2004,35, 0.478,290.87, 83.25, 54.89, 69.07,
2004,36, 0.475,290.47, 88.12, 44.08, 66.10,
2004,37, 0.461,289.68, 87.99, 37.35, 62.67,
2004,38, 0.444,288.65, 86.30, 34.03, 60.16,
2004,39, 0.429,287.48, 86.32, 31.52, 58.92,
2004,40, 0.405,286.30, 82.90, 29.93, 56.41,
2004,41, 0.375,285.48, 78.99, 21.87, 50.43,
2004,42, 0.348,284.36, 77.34, 19.68, 48.51,
2004,43, 0.319,282.74, 76.54, 20.32, 48.43,
2004,44, 0.281,280.49, 73.03, 21.81, 47.42,
2004,45, 0.234,277.44, 63.45, 27.49, 45.47,
2004,46, 0.200,273.68, 58.44, 36.79, 47.61,
2004,47, 0.185,271.34, 62.12, 39.11, 50.61,
2004,48, 0.172,269.75, 63.77, 39.90, 51.84,
2004,49, 0.163,268.68, 64.68, 38.67, 51.67,
2004,50, 0.153,268.11, 66.46, 33.83, 50.15,
2004,51, 0.149,267.79, 72.03, 29.65, 50.84,
2004,52, 0.141,266.58, 71.50, 32.40, 51.95,
2005, 1, 0.127,265.02, 65.77, 39.34, 52.56,
2005, 2, 0.116,263.79, 61.05, 45.59, 53.32,
2005, 3, 0.107,261.96, 55.83, 54.96, 55.39,
2005, 4, 0.098,260.18, 47.30, 65.11, 56.20,
2005, 5, 0.090,258.47, 37.65, 74.61, 56.13,
2005, 6, 0.085,257.20, 30.64, 82.35, 56.50,
2005, 7, 0.083,256.89, 26.91, 85.76, 56.33,
2005, 8, 0.088,257.96, 27.41, 86.40, 56.90,
2005, 9, 0.094,259.60, 28.12, 87.64, 57.88,
2005,10, 0.106,262.21, 30.34, 86.17, 58.26,
2005,11, 0.129,266.77, 36.93, 80.07, 58.50,
2005,12, 0.164,272.48, 46.98, 70.59, 58.78,
2005,13, 0.192,276.71, 51.94, 62.66, 57.30,
2005,14, 0.215,280.21, 53.18, 53.46, 53.32,
2005,15, 0.239,283.07, 54.27, 43.79, 49.03,
2005,16, 0.266,285.19, 54.57, 39.95, 47.26,
2005,17,-1.000, -1.00, -1.00, -1.00, -1.00,
2005,18, 0.344,288.15, 60.63, 40.84, 50.74,
2005,19, 0.389,289.38, 66.19, 39.48, 52.84,
2005,20, 0.370,289.95, 51.53, 42.46, 46.99,
2005,21, 0.451,291.43, 71.76, 38.11, 54.93,
2005,22, 0.472,291.95, 73.58, 38.07, 55.82,
2005,23, 0.489,292.32, 77.30, 37.54, 57.42,
2005,24, 0.500,292.99, 80.33, 32.27, 56.30,
2005,25, 0.500,293.06, 79.44, 31.97, 55.71,
2005,26, 0.494,292.75, 74.90, 38.04, 56.47,
2005,27, 0.491,292.96, 71.38, 41.23, 56.30,
2005,28, 0.491,293.33, 72.81, 40.68, 56.74,
2005,29, 0.480,292.43, 68.84, 53.82, 61.33,
2005,30, 0.479,293.12, 70.04, 46.75, 58.39,
2005,31, 0.475,292.71, 69.07, 51.95, 60.51,
2005,32, 0.474,292.46, 70.13, 53.98, 62.05,
2005,33, 0.472,292.31, 71.74, 52.05, 61.90,
2005,34, 0.472,292.02, 75.28, 50.26, 62.77,
2005,35, 0.473,291.84, 81.25, 42.31, 61.78,
2005,36, 0.473,291.77, 87.22, 29.99, 58.61,
2005,37, 0.469,291.41, 90.75, 21.21, 55.98,
2005,38, 0.459,290.35, 91.30, 18.00, 54.65,
2005,39, 0.440,289.12, 90.52, 15.76, 53.14,
2005,40, 0.421,287.82, 89.66, 14.35, 52.01,
2005,41, 0.400,286.31, 90.29, 13.18, 51.73,
2005,42, 0.372,284.92, 88.96, 13.36, 51.16,
2005,43, 0.344,283.49, 88.70, 13.12, 50.91,
2005,44, 0.312,281.27, 88.71, 15.93, 52.32,
2005,45, 0.277,278.37, 86.05, 22.40, 54.23,
2005,46, 0.239,275.81, 79.58, 26.68, 53.13,
2005,47, 0.196,273.58, 69.45, 29.70, 49.57,
2005,48, 0.162,270.47, 60.93, 37.33, 49.13,
2005,49, 0.135,267.22, 52.42, 44.96, 48.69,
2005,50, 0.118,265.30, 49.24, 45.53, 47.39,
2005,51, 0.106,263.84, 48.40, 45.59, 47.00,
2005,52, 0.097,262.72, 45.75, 47.30, 46.53,
2006, 1, 0.091,261.11, 41.98, 53.48, 47.73,
2006, 2, 0.088,260.29, 41.12, 56.83, 48.98,
2006, 3, 0.088,260.61, 41.51, 57.66, 49.58,
2006, 4, 0.088,261.09, 39.51, 60.10, 49.81,
2006, 5, 0.084,261.27, 33.83, 64.87, 49.35,
2006, 6, 0.079,261.47, 27.40, 69.16, 48.28,
2006, 7, 0.076,262.23, 22.97, 70.88, 46.93,
2006, 8, 0.075,263.53, 21.25, 72.10, 46.67,
2006, 9, 0.073,263.77, 17.92, 78.76, 48.34,
2006,10, 0.076,264.64, 16.49, 81.84, 49.17,
2006,11, 0.088,267.07, 18.74, 80.33, 49.53,
2006,12, 0.104,270.02, 21.44, 80.72, 51.08,
2006,13, 0.127,273.66, 24.74, 78.20, 51.47,
2006,14, 0.158,277.32, 29.42, 71.42, 50.42,
2006,15, 0.198,280.67, 36.88, 61.84, 49.36,
2006,16, 0.237,283.19, 42.82, 56.94, 49.88,
2006,17, 0.280,285.29, 47.94, 54.25, 51.10,
2006,18, 0.319,287.10, 51.75, 51.23, 51.49,
2006,19, 0.351,288.42, 52.69, 48.74, 50.71,
2006,20, 0.379,288.98, 53.92, 51.99, 52.96,
2006,21, 0.408,289.37, 56.06, 57.03, 56.55,
2006,22, 0.428,289.61, 57.08, 59.40, 58.24,
2006,23, 0.451,290.41, 62.74, 54.87, 58.81,
2006,24, 0.468,291.33, 68.36, 48.64, 58.50,
2006,25, 0.485,292.07, 73.60, 43.06, 58.33,
2006,26, 0.503,292.87, 78.98, 37.47, 58.22,
2006,27, 0.519,293.90, 84.55, 31.13, 57.84,
2006,28, 0.520,294.19, 86.25, 31.20, 58.73,
2006,29, 0.515,294.19, 85.19, 33.15, 59.17,
2006,30, 0.511,294.39, 84.32, 32.30, 58.31,
2006,31, 0.498,293.98, 78.69, 36.51, 57.60,
2006,32, 0.479,293.20, 71.34, 44.86, 58.10,
2006,33, 0.471,292.38, 69.23, 51.62, 60.42,
2006,34, 0.467,291.61, 71.61, 56.13, 63.87,
2006,35, 0.466,291.02, 77.19, 53.06, 65.12,
2006,36, 0.459,290.44, 81.61, 44.39, 63.00,
2006,37, 0.452,289.85, 84.57, 35.81, 60.19,
2006,38, 0.444,288.99, 86.32, 30.70, 58.51,
2006,39, 0.437,288.52, 90.04, 21.37, 55.71,
2006,40, 0.427,287.86, 93.16, 13.78, 53.47,
2006,41, 0.407,286.71, 94.68,  8.95, 51.81,
2006,42, 0.385,285.68, 95.90,  6.76, 51.33,
2006,43, 0.357,284.60, 95.76,  4.92, 50.34,
2006,44, 0.321,283.00, 93.89,  3.84, 48.87,
2006,45, 0.292,281.67, 94.17,  2.66, 48.42,
2006,46, 0.272,280.84, 96.03,  1.05, 48.54,
2006,47, 0.250,279.82, 96.74,  0.59, 48.66,
2006,48, 0.236,278.88, 97.72,  0.32, 49.02,
2006,49, 0.224,277.72, 98.25,  0.31, 49.28,
2006,50, 0.208,275.93, 98.86,  0.79, 49.82,
2006,51, 0.192,274.54, 99.09,  1.37, 50.23,
2006,52, 0.182,274.21, 98.30,  1.44, 49.87,
2007, 1, 0.174,273.62, 96.88,  2.81, 49.84,
2007, 2, 0.163,272.79, 93.70,  6.51, 50.11,
2007, 3, 0.152,272.44, 87.95,  9.55, 48.75,
2007, 4, 0.146,272.60, 81.25, 12.01, 46.63,
2007, 5, 0.142,272.44, 71.53, 18.01, 44.77,
2007, 6, 0.138,272.52, 62.15, 23.46, 42.81,
2007, 7, 0.142,273.53, 58.95, 24.39, 41.67,
2007, 8, 0.152,275.21, 59.88, 22.86, 41.37,
2007, 9, 0.171,277.28, 65.66, 20.76, 43.21,
2007,10, 0.191,279.38, 70.40, 19.12, 44.76,
2007,11, 0.215,281.33, 75.12, 18.09, 46.61,
2007,12, 0.249,283.41, 83.29, 17.05, 50.17,
2007,13, 0.285,285.61, 91.51,  9.97, 50.74,
2007,14, 0.316,287.01, 96.24,  6.20, 51.22,
2007,15, 0.342,287.89, 97.55,  6.49, 52.02,
2007,16, 0.372,289.39, 97.19,  6.04, 51.62,
2007,17, 0.407,291.27, 96.31,  4.26, 50.28,
2007,18, 0.434,292.38, 94.25,  4.59, 49.42,
2007,19, 0.457,293.26, 91.44,  4.91, 48.18,
2007,20, 0.476,293.87, 89.81,  6.77, 48.29,
2007,21, 0.494,294.58, 89.28,  8.48, 48.88,
2007,22, 0.510,295.10, 89.57,  8.94, 49.25,
2007,23, 0.518,295.26, 89.66, 10.26, 49.96,
2007,24, 0.519,295.11, 88.30, 11.37, 49.84,
2007,25, 0.517,295.03, 85.66, 11.44, 48.55,
2007,26, 0.516,295.26, 83.08, 10.47, 46.78,
2007,27, 0.517,295.70, 82.07,  9.73, 45.90,
2007,28, 0.507,295.57, 78.91, 13.20, 46.05,
2007,29, 0.500,295.48, 77.70, 16.23, 46.96,
2007,30, 0.494,295.51, 76.42, 17.92, 47.17,
2007,31, 0.487,295.28, 74.10, 18.97, 46.54,
2007,32, 0.477,294.74, 70.54, 23.36, 46.95,
2007,33, 0.463,293.74, 65.48, 32.00, 48.74,
2007,34, 0.457,292.67, 66.53, 41.07, 53.80,
2007,35, 0.461,291.83, 74.91, 42.15, 58.53,
2007,36, 0.458,290.80, 80.18, 40.30, 60.24,
2007,37, 0.446,289.70, 81.81, 37.07, 59.44,
2007,38, 0.432,288.57, 81.27, 34.32, 57.79,
2007,39, 0.412,287.26, 79.51, 33.31, 56.41,
2007,40, 0.389,285.99, 75.98, 32.73, 54.36,
2007,41, 0.356,284.38, 70.01, 32.22, 51.12,
2007,42, 0.323,282.57, 66.12, 34.27, 50.20,
2007,43, 0.288,280.43, 62.78, 37.07, 49.93,
2007,44, 0.249,278.12, 58.18, 38.18, 48.18,
2007,45, 0.211,275.95, 52.14, 36.80, 44.47,
2007,46, 0.171,273.49, 44.59, 38.39, 41.49,
2007,47, 0.145,271.50, 41.95, 38.99, 40.47,
2007,48, 0.129,269.70, 41.71, 40.15, 40.93,
2007,49, 0.113,268.67, 38.08, 38.04, 38.06,
2007,50, 0.104,268.04, 38.03, 32.89, 35.46,
2007,51, 0.102,267.44, 43.22, 29.11, 36.17,
2007,52, 0.099,266.77, 44.92, 28.96, 36.94,
2008, 1, 0.102,266.93, 48.41, 26.83, 37.62,
2008, 2, 0.110,267.71, 55.86, 23.25, 39.56,
2008, 3, 0.124,269.07, 67.22, 18.72, 42.97,
2008, 4, 0.138,270.76, 75.59, 15.39, 45.49,
2008, 5, 0.155,272.64, 79.77, 13.64, 46.70,
2008, 6, 0.175,274.68, 83.51, 11.65, 47.58,
2008, 7, 0.188,276.19, 83.40, 11.30, 47.35,
2008, 8, 0.199,277.64, 83.83, 11.29, 47.56,
2008, 9, 0.207,278.65, 82.65, 14.03, 48.34,
2008,10, 0.216,279.69, 81.40, 17.65, 49.53,
2008,11, 0.227,280.88, 79.64, 20.75, 50.19,
2008,12, 0.235,281.77, 76.74, 26.05, 51.39,
2008,13, 0.250,282.91, 76.59, 26.60, 51.60,
2008,14, 0.263,283.99, 74.12, 27.36, 50.74,
2008,15, 0.286,285.01, 74.67, 29.06, 51.86,
2008,16, 0.316,285.88, 75.56, 35.15, 55.36,
2008,17, 0.347,286.66, 74.62, 42.72, 58.67,
2008,18, 0.383,287.57, 76.57, 46.69, 61.63,
2008,19, 0.420,288.80, 79.16, 45.26, 62.21,
2008,20, 0.447,289.81, 80.37, 44.85, 62.61,
2008,21, 0.473,290.97, 82.54, 42.60, 62.57,
2008,22, 0.490,291.89, 82.79, 38.88, 60.84,
2008,23, 0.504,292.65, 84.78, 34.51, 59.64,
2008,24, 0.516,293.44, 87.34, 27.95, 57.64,
2008,25, 0.526,294.07, 89.78, 21.65, 55.72,
2008,26, 0.532,294.60, 90.59, 18.13, 54.36,
2008,27, 0.531,294.67, 88.70, 22.53, 55.61,
2008,28, 0.530,294.54, 89.47, 27.18, 58.33,
2008,29, 0.523,294.63, 87.91, 28.09, 58.00,
2008,30, 0.511,294.50, 83.40, 31.26, 57.33,
2008,31, 0.498,293.93, 78.36, 37.43, 57.90,
2008,32, 0.496,293.83, 78.64, 36.88, 57.76,
2008,33, 0.496,294.09, 81.16, 28.62, 54.89,
2008,34, 0.485,293.80, 79.65, 26.77, 53.21,
2008,35, 0.469,293.10, 77.86, 26.99, 52.42,
2008,36, 0.445,291.72, 73.59, 30.58, 52.08,
2008,37, 0.421,290.37, 70.89, 30.88, 50.89,
2008,38, 0.401,289.04, 68.05, 30.47, 49.26,
2008,39, 0.385,288.16, 67.52, 24.99, 46.25,
2008,40, 0.374,287.42, 68.96, 18.25, 43.60,
2008,41, 0.363,286.70, 73.33,  9.28, 41.30,
2008,42, 0.348,286.06, 78.19,  3.75, 40.97,
2008,43, 0.328,284.82, 81.84,  3.88, 42.86,
2008,44, 0.295,282.60, 80.84,  7.03, 43.94,
2008,45, 0.267,280.27, 80.76, 10.84, 45.80,
2008,46, 0.241,278.32, 80.22, 13.57, 46.89,
2008,47, 0.211,276.24, 76.82, 16.87, 46.84,
2008,48, 0.184,273.78, 71.84, 22.33, 47.08,
2008,49, 0.157,270.94, 64.11, 28.56, 46.33,
2008,50, 0.133,268.39, 57.81, 31.55, 44.68,
2008,51, 0.114,266.57, 52.70, 32.88, 42.79,
2008,52, 0.100,264.95, 46.35, 36.81, 41.58,
2009, 1, 0.085,263.11, 37.25, 44.07, 40.66,
2009, 2, 0.077,262.58, 32.82, 46.73, 39.78,
2009, 3, 0.071,262.16, 29.00, 50.34, 39.67,
2009, 4, 0.066,262.23, 24.96, 53.66, 39.31,
2009, 5, 0.064,262.86, 21.13, 56.03, 38.58,
2009, 6, 0.064,263.36, 18.70, 59.72, 39.21,
2009, 7, 0.070,264.87, 19.87, 58.32, 39.09,
2009, 8, 0.079,266.37, 22.80, 58.43, 40.62,
2009, 9, 0.089,267.60, 25.26, 61.84, 43.55,
2009,10, 0.105,269.49, 29.48, 62.18, 45.83,
2009,11, 0.128,272.13, 36.15, 60.02, 48.08,
2009,12, 0.164,275.60, 46.86, 56.24, 51.55,
2009,13, 0.207,279.20, 58.76, 47.88, 53.32,
2009,14, 0.260,283.09, 72.47, 32.73, 52.60,
2009,15, 0.313,286.10, 85.47, 19.93, 52.70,
2009,16, 0.361,287.75, 93.00, 19.51, 56.25,
2009,17, 0.405,289.45, 95.81, 19.63, 57.72,
2009,18, 0.442,290.68, 97.10, 20.25, 58.67,
2009,19, 0.475,291.35, 97.27, 23.08, 60.18,
2009,20, 0.495,291.83, 96.37, 26.80, 61.58,
2009,21, 0.513,292.28, 95.31, 31.74, 63.52,
2009,22, 0.526,292.76, 94.30, 32.41, 63.36,
2009,23, 0.533,293.40, 94.00, 29.00, 61.50,
2009,24, 0.536,293.97, 93.69, 24.04, 58.86,
2009,25, 0.537,294.31, 93.11, 20.36, 56.73,
2009,26, 0.540,294.85, 92.93, 16.54, 54.73,
2009,27, 0.542,295.56, 92.86, 12.81, 52.83,
2009,28, 0.534,295.59, 90.58, 14.32, 52.45,
2009,29, 0.527,295.90, 88.42, 12.29, 50.35,
2009,30, 0.521,296.20, 86.41, 10.38, 48.39,
2009,31, 0.511,296.12, 83.00,  8.81, 45.90,
2009,32, 0.503,295.98, 80.12,  7.40, 43.76,
2009,33, 0.491,295.60, 75.86,  7.08, 41.47,
2009,34, 0.482,295.38, 74.08,  4.97, 39.52,
2009,35, 0.470,294.98, 73.77,  3.04, 38.41,
2009,36, 0.453,294.33, 73.04,  2.66, 37.85,
2009,37, 0.432,293.32, 71.50,  3.58, 37.54,
2009,38, 0.402,291.25, 64.82,  9.52, 37.17,
2009,39, 0.368,289.38, 57.01, 13.30, 35.15,
2009,40, 0.335,287.82, 47.22, 13.81, 30.51,
2009,41, 0.296,285.58, 37.65, 19.38, 28.52,
2009,42, 0.258,282.88, 31.47, 30.74, 31.11,
2009,43, 0.223,280.12, 29.23, 38.74, 33.99,
2009,44, 0.194,277.86, 29.14, 39.49, 34.31,
2009,45, 0.175,276.28, 32.62, 34.96, 33.79,
2009,46, 0.155,274.06, 35.37, 35.97, 35.67,
2009,47, 0.137,271.53, 37.35, 39.54, 38.45,
2009,48, 0.120,268.80, 37.67, 45.05, 41.36,
2009,49, 0.107,265.55, 35.81, 52.16, 43.99,
2009,50, 0.099,262.51, 36.69, 56.59, 46.64,
2009,51, 0.088,259.08, 35.47, 63.75, 49.61,
2009,52, 0.078,256.19, 32.17, 71.24, 51.71,
2010, 1, 0.068,255.21, 25.53, 73.41, 49.47,
2010, 2, 0.067,254.40, 25.60, 75.65, 50.63,
2010, 3, 0.065,253.90, 24.21, 78.23, 51.22,
2010, 4, 0.060,253.65, 20.31, 81.77, 51.04,
2010, 5, 0.062,254.68, 19.46, 82.03, 50.74,
2010, 6, 0.068,256.96, 20.68, 78.65, 49.67,
2010, 7, 0.072,259.01, 20.90, 76.30, 48.60,
2010, 8, 0.078,261.43, 22.71, 74.26, 48.49,
2010, 9, 0.090,264.68, 26.38, 71.03, 48.70,
2010,10, 0.111,268.77, 33.32, 63.14, 48.23,
2010,11, 0.138,273.19, 41.26, 54.05, 47.65,
2010,12, 0.168,277.38, 48.62, 47.02, 47.82,
2010,13, 0.198,280.34, 54.54, 41.14, 47.84,
2010,14, 0.235,283.31, 61.50, 31.34, 46.42,
2010,15, 0.270,285.53, 67.30, 24.49, 45.90,
2010,16, 0.308,287.08, 71.04, 25.02, 48.03,
2010,17, 0.337,288.23, 69.36, 29.51, 49.44,
2010,18, 0.356,288.83, 64.60, 35.71, 50.16,
2010,19, 0.369,288.90, 58.51, 43.99, 51.25,
2010,20, 0.383,288.63, 54.54, 54.79, 54.67,
2010,21, 0.405,288.98, 53.81, 60.63, 57.22,
2010,22, 0.431,289.97, 56.22, 57.07, 56.65,
2010,23, 0.447,290.76, 58.61, 52.47, 55.54,
2010,24, 0.456,291.52, 60.35, 47.36, 53.85,
2010,25, 0.464,292.26, 62.22, 41.36, 51.79,
2010,26, 0.465,292.74, 60.66, 38.82, 49.74,
2010,27, 0.470,293.51, 61.84, 35.43, 48.63,
2010,28, 0.470,293.73, 64.10, 36.20, 50.15,
2010,29, 0.471,294.15, 67.38, 32.81, 50.10,
2010,30, 0.479,295.06, 72.87, 23.25, 48.06,
2010,31, 0.480,295.12, 74.23, 21.19, 47.71,
2010,32, 0.477,294.62, 74.02, 25.37, 49.69,
2010,33, 0.472,293.93, 73.34, 30.09, 51.71,
2010,34, 0.465,292.77, 72.94, 40.36, 56.65,
2010,35, 0.456,291.22, 73.59, 50.61, 62.10,
2010,36, 0.445,289.62, 75.67, 53.25, 64.46,
2010,37, 0.440,288.67, 79.99, 46.95, 63.47,
2010,38, 0.428,287.70, 79.88, 43.05, 61.46,
2010,39, 0.410,286.58, 78.87, 39.66, 59.27,
2010,40, 0.391,285.04, 76.70, 42.28, 59.49,
2010,41, 0.360,283.23, 71.82, 43.89, 57.86,
2010,42, 0.324,281.81, 66.68, 41.13, 53.91,
2010,43, 0.299,281.10, 68.27, 31.42, 49.84,
2010,44, 0.275,280.41, 71.87, 21.66, 46.76,
2010,45, 0.247,279.04, 72.08, 18.33, 45.21,
2010,46, 0.213,277.12, 67.34, 20.06, 43.70,
2010,47, 0.181,274.23, 61.98, 26.55, 44.27,
2010,48, 0.149,271.01, 53.39, 34.87, 44.13,
2010,49, 0.124,268.60, 45.09, 39.09, 42.09,
2010,50, 0.110,266.88, 42.52, 38.38, 40.45,
2010,51, 0.103,266.21, 43.78, 34.85, 39.32,
2010,52, 0.102,266.02, 46.09, 32.89, 39.49,
2011, 1, 0.101,265.83, 46.72, 33.05, 39.89,
2011, 2, 0.102,266.26, 49.83, 31.75, 40.79,
2011, 3, 0.112,267.76, 57.64, 26.82, 42.23,
2011, 4, 0.124,269.20, 64.13, 24.79, 44.46,
2011, 5, 0.132,270.04, 64.42, 27.19, 45.81,
2011, 6, 0.135,270.49, 59.92, 30.94, 45.43,
2011, 7, 0.135,271.27, 55.47, 32.42, 43.95,
2011, 8, 0.131,271.54, 50.51, 36.67, 43.59,
2011, 9, 0.137,272.96, 50.15, 38.03, 44.09,
2011,10, 0.150,275.42, 52.67, 35.15, 43.91,
2011,11, 0.170,278.04, 56.43, 32.11, 44.27,
2011,12, 0.201,280.85, 63.30, 28.87, 46.08,
2011,13, 0.228,283.22, 67.66, 23.26, 45.46,
2011,14, 0.251,284.86, 68.60, 20.33, 44.47,
2011,15, 0.277,286.69, 69.97, 15.15, 42.56,
2011,16, 0.307,288.26, 70.82, 14.84, 42.83,
2011,17, 0.337,289.55, 69.21, 18.00, 43.60,
2011,18, 0.372,290.93, 70.63, 16.90, 43.77,
2011,19, 0.411,292.16, 73.64, 14.32, 43.98,
2011,20, 0.450,293.26, 78.96, 11.85, 45.41,
2011,21, 0.481,293.98, 82.44, 13.61, 48.03,
2011,22, 0.501,294.75, 83.87, 11.60, 47.74,
2011,23, 0.507,295.18, 83.58, 10.36, 46.97,
2011,24, 0.502,294.79, 80.26, 13.89, 47.07,
2011,25, 0.501,294.60, 78.02, 15.30, 46.66,
2011,26, 0.500,294.69, 76.56, 16.24, 46.40,
2011,27, 0.503,294.67, 76.77, 21.30, 49.04,
2011,28, 0.504,294.54, 79.89, 25.95, 52.92,
2011,29, 0.509,294.55, 84.31, 28.15, 56.23,
2011,30, 0.513,294.49, 87.35, 30.83, 59.09,
2011,31, 0.514,294.46, 89.30, 29.89, 59.59,
2011,32, 0.514,294.25, 90.49, 30.59, 60.54,
2011,33, 0.510,294.24, 90.55, 26.08, 58.31,
2011,34, 0.504,294.19, 90.15, 21.51, 55.83,
2011,35, 0.491,293.82, 88.46, 18.14, 53.30,
2011,36, 0.477,293.33, 88.33, 13.61, 50.97,
2011,37, 0.464,292.57, 88.07, 10.75, 49.41,
2011,38, 0.450,291.53, 87.07,  7.33, 47.20,
2011,39, 0.431,290.06, 85.68,  7.46, 46.57,
2011,40, 0.411,288.21, 83.67, 10.92, 47.29,
2011,41, 0.387,286.28, 82.36, 14.13, 48.24,
2011,42, 0.361,284.72, 82.05, 15.84, 48.94,
2011,43, 0.336,283.42, 83.47, 14.24, 48.86,
2011,44, 0.310,282.10, 86.33, 10.09, 48.21,
2011,45, 0.282,280.79, 87.24,  7.79, 47.51,
2011,46, 0.256,279.35, 86.32,  8.59, 47.46,
2011,47, 0.229,277.73, 85.07, 10.40, 47.73,
2011,48, 0.206,276.12, 82.08, 12.83, 47.45,
2011,49, 0.184,274.65, 77.35, 13.74, 45.55,
2011,50, 0.163,273.37, 73.67, 11.97, 42.82,
2011,51, 0.144,271.56, 69.92, 14.12, 42.02,
2011,52, 0.126,268.95, 63.18, 22.83, 43.00,
2012, 1, 0.111,266.56, 55.24, 32.43, 43.83,
2012, 2, 0.101,264.53, 50.02, 41.13, 45.57,
2012, 3, 0.094,262.12, 46.05, 53.15, 49.60,
2012, 4, 0.089,260.58, 40.91, 63.29, 52.10,
2012, 5, 0.087,259.77, 35.74, 71.12, 53.43,
2012, 6, 0.089,260.63, 33.05, 71.83, 52.44,
2012, 7, 0.093,262.54, 32.01, 68.65, 50.33,
2012, 8, 0.102,265.43, 35.04, 63.15, 49.10,
2012, 9, 0.114,268.50, 38.00, 58.81, 48.40,
2012,10, 0.132,272.29, 42.88, 50.41, 46.64,
2012,11, 0.158,276.78, 49.95, 38.99, 44.47,
2012,12, 0.179,279.83, 53.76, 35.34, 44.55,
2012,13, 0.199,281.69, 55.38, 33.49, 44.44,
2012,14, 0.222,283.66, 55.96, 29.59, 42.78,
2012,15, 0.255,285.91, 60.61, 22.48, 41.54,
2012,16, 0.298,288.04, 67.06, 18.00, 42.53,
2012,17, 0.341,289.93, 70.55, 16.30, 43.42,
2012,18, 0.373,290.98, 70.80, 17.80, 44.30,
2012,19, 0.396,291.41, 68.02, 22.26, 45.14,
2012,20, 0.408,291.09, 62.90, 33.26, 48.08,
2012,21, 0.409,290.43, 54.50, 48.11, 51.31,
2012,22, 0.466,292.62, 69.23, 32.94, 51.09,
2012,23, 0.486,293.37, 74.12, 28.59, 51.35,
2012,24, 0.505,294.04, 80.02, 22.67, 51.35,
2012,25, 0.519,294.78, 84.66, 15.45, 50.06,
2012,26, 0.525,295.26, 85.21, 12.65, 48.93,
2012,27, 0.518,295.52, 80.86, 13.84, 47.35,
2012,28, 0.513,295.70, 80.43, 13.78, 47.11,
2012,29, 0.502,295.51, 77.26, 17.32, 47.29,
2012,30, 0.496,295.43, 76.22, 19.70, 47.96,
2012,31, 0.491,295.15, 74.85, 21.18, 48.02,
2012,32, 0.488,294.82, 75.07, 22.74, 48.90,
2012,33, 0.494,294.46, 79.45, 22.80, 51.13,
2012,34, 0.496,293.75, 83.16, 26.82, 54.99,
2012,35, 0.492,293.04, 86.67, 27.33, 57.00,
2012,36, 0.488,292.77, 90.36, 19.40, 54.88,
2012,37, 0.478,292.33, 91.82, 13.00, 52.41,
2012,38, 0.463,291.61, 91.46,  7.53, 49.49,
2012,39, 0.443,290.70, 90.61,  4.47, 47.54,
2012,40, 0.422,289.64, 89.22,  2.72, 45.97,
2012,41, 0.404,288.43, 90.75,  1.12, 45.94,
2012,42, 0.379,286.66, 90.61,  2.55, 46.58,
2012,43, 0.349,284.43, 90.06,  7.16, 48.61,
2012,44, 0.314,282.13, 88.41, 10.34, 49.38,
2012,45, 0.281,279.96, 86.76, 12.94, 49.85,
2012,46, 0.247,277.60, 82.23, 17.36, 49.80,
2012,47, 0.204,273.97, 71.78, 27.15, 49.47,
2012,48, 0.162,269.76, 58.51, 39.43, 48.97,
2012,49, 0.131,266.00, 47.11, 48.61, 47.86,
2012,50, 0.110,263.11, 41.16, 52.00, 46.58,
2012,51, 0.095,260.39, 38.41, 55.72, 47.07,
2012,52, 0.083,258.07, 33.97, 60.50, 47.23,
2013, 1, 0.088,257.35, 37.19, 63.26, 50.22,
2013, 2, 0.080,256.46, 34.13, 64.94, 49.54,
2013, 3, 0.075,255.27, 31.20, 69.34, 50.27,
2013, 4, 0.071,254.09, 27.36, 74.72, 51.04,
2013, 5, 0.068,254.04, 22.82, 79.69, 51.25,
2013, 6, 0.069,256.27, 21.23, 79.06, 50.14,
2013, 7, 0.072,259.34, 20.46, 75.37, 47.91,
2013, 8, 0.078,261.65, 21.35, 74.36, 47.86,
2013, 9, 0.085,263.28, 22.40, 76.16, 49.28,
2013,10, 0.095,264.76, 23.68, 76.44, 50.06,
2013,11, 0.102,265.58, 23.60, 80.78, 52.19,
2013,12, 0.117,266.91, 25.46, 84.84, 55.15,
2013,13, 0.138,269.35, 27.99, 87.27, 57.63,
2013,14, 0.167,273.27, 31.51, 83.73, 57.62,
2013,15, 0.214,278.42, 41.11, 72.35, 56.73,
2013,16, 0.273,283.61, 54.06, 53.97, 54.02,
2013,17, 0.325,287.18, 62.00, 40.86, 51.43,
2013,18, 0.371,289.48, 67.86, 32.88, 50.37,
2013,19, 0.405,290.56, 69.51, 31.57, 50.54,
2013,20, 0.435,291.09, 71.44, 33.60, 52.52,
2013,21, 0.465,292.14, 74.38, 31.58, 52.98,
2013,22, 0.484,292.73, 75.68, 30.99, 53.33,
2013,23, 0.497,293.13, 77.80, 30.03, 53.91,
2013,24, 0.506,293.48, 79.65, 27.91, 53.78,
2013,25, 0.514,294.12, 81.19, 22.87, 52.03,
2013,26, 0.518,294.65, 81.42, 20.28, 50.85,
2013,27, 0.511,294.42, 77.43, 27.83, 52.63,
2013,28, 0.506,294.15, 76.42, 34.45, 55.43,
2013,29, 0.509,294.52, 79.91, 31.41, 55.66,
2013,30, 0.508,294.78, 80.76, 29.78, 55.27,
2013,31, 0.494,294.56, 75.43, 32.95, 54.19,
2013,32, 0.481,294.21, 70.98, 36.43, 53.70,
2013,33, 0.471,293.61, 67.53, 41.70, 54.62,
2013,34, 0.453,292.58, 62.39, 47.88, 55.13,
2013,35, 0.426,290.57, 55.98, 60.00, 57.99,
2013,36, 0.402,288.56, 53.49, 64.96, 59.23,
2013,37, 0.387,286.86, 55.03, 63.72, 59.38,
2013,38, 0.372,285.75, 54.86, 61.42, 58.14,
2013,39, 0.347,285.09, 50.56, 54.95, 52.76,
2013,40, 0.316,284.12, 42.38, 53.80, 48.09,
2013,41, 0.290,283.69, 38.89, 43.47, 41.18,
2013,42, 0.277,283.58, 43.65, 28.14, 35.90,
2013,43, 0.259,283.22, 48.55, 16.13, 32.34,
2013,44, 0.237,282.32, 51.71, 10.25, 30.98,
2013,45, 0.237,281.32, 65.29,  7.44, 36.37,
2013,46, 0.226,279.69, 71.98,  8.53, 40.26,
2013,47, 0.214,277.81, 76.32, 10.67, 43.50,
2013,48, 0.203,276.05, 78.40, 13.03, 45.71,
2013,49, 0.195,274.80, 79.93, 13.10, 46.51,
2013,50, 0.190,273.77, 83.80, 10.86, 47.33,
2013,51, 0.184,272.80, 87.34,  9.78, 48.56,
2013,52, 0.172,271.62, 86.99, 11.58, 49.28,
2014, 1, 0.155,269.41, 81.53, 17.46, 49.49,
2014, 2, 0.134,266.90, 72.14, 25.24, 48.69,
2014, 3, 0.117,263.33, 61.81, 37.61, 49.71,
2014, 4, 0.114,261.58, 57.21, 43.76, 50.48,
2014, 5, 0.116,262.23, 53.62, 45.14, 49.38,
2014, 6, 0.126,264.94, 53.82, 42.11, 47.96,
2014, 7, 0.143,269.58, 58.29, 32.09, 45.19,
2014, 8, 0.170,273.76, 67.39, 22.90, 45.14,
2014, 9, 0.198,277.06, 75.63, 17.32, 46.47,
2014,10, 0.226,279.76, 82.50, 14.14, 48.32,
2014,11, 0.248,282.00, 85.23, 12.57, 48.90,
2014,12, 0.271,283.74, 88.35, 12.66, 50.50,
2014,13, 0.291,285.27, 90.06, 10.26, 50.16,
2014,14, 0.314,286.52, 90.84,  9.14, 49.99,
2014,15, 0.340,287.42, 91.09, 10.93, 51.01,
2014,16, 0.369,288.13, 90.89, 17.76, 54.32,
2014,17, 0.397,288.85, 88.93, 25.82, 57.38,
2014,18, 0.423,289.42, 87.58, 31.65, 59.62,
2014,19, 0.449,289.97, 86.34, 35.15, 60.74,
2014,20, 0.467,290.25, 84.93, 40.55, 62.72,
2014,21, 0.484,290.67, 83.48, 45.77, 64.62,
2014,22, 0.500,291.44, 82.87, 43.97, 63.40,
2014,23, 0.512,292.32, 83.99, 38.25, 61.10,
2014,24, 0.517,292.76, 84.00, 35.70, 59.85,
2014,25, 0.522,293.46, 83.70, 30.33, 57.01,
2014,26, 0.521,293.92, 81.77, 28.66, 55.21,
2014,27, 0.517,294.41, 79.50, 27.58, 53.54,
2014,28, 0.509,294.44, 77.66, 30.39, 54.02,
2014,29, 0.506,294.60, 77.88, 30.35, 54.11,
2014,30, 0.504,294.86, 78.86, 28.81, 53.83,
2014,31, 0.495,294.62, 76.55, 32.17, 54.36,
2014,32, 0.489,294.14, 75.42, 37.23, 56.33,
2014,33, 0.486,293.75, 75.82, 40.10, 57.96,
2014,34, 0.481,293.23, 77.24, 40.30, 58.77,
2014,35, 0.472,292.40, 79.01, 38.70, 58.86,
2014,36, 0.460,291.34, 79.55, 36.45, 58.00,
2014,37, 0.450,290.40, 80.87, 31.69, 56.28,
2014,38, 0.433,289.62, 79.08, 26.71, 52.90,
2014,39, 0.401,288.26, 72.38, 27.18, 49.78,
2014,40, 0.363,286.12, 62.38, 36.35, 49.37,
2014,41, 0.332,284.56, 57.10, 37.04, 47.07,
2014,42, 0.308,283.18, 56.60, 33.31, 44.95,
2014,43, 0.280,281.74, 56.63, 28.88, 42.75,
2014,44, 0.248,280.00, 54.89, 26.18, 40.53,
2014,45, 0.225,277.47, 56.61, 28.81, 42.71,
2014,46, 0.190,274.09, 50.85, 35.49, 43.17,
2014,47, 0.163,271.49, 48.31, 38.68, 43.49,
2014,48, 0.145,270.08, 47.46, 38.21, 42.83,
2014,49, 0.133,269.10, 46.61, 36.48, 41.55,
2014,50, 0.131,268.35, 50.75, 32.94, 41.85,
2014,51, 0.130,267.88, 56.47, 29.91, 43.19,
2014,52, 0.126,267.37, 58.88, 29.24, 44.06,
2015, 1, 0.122,266.97, 60.04, 29.77, 44.90,
2015, 2, 0.117,266.94, 61.52, 29.96, 45.74,
2015, 3, 0.119,267.38, 64.84, 29.22, 47.03,
2015, 4, 0.128,268.37, 68.38, 26.87, 47.63,
2015, 5, 0.135,269.37, 66.58, 28.29, 47.43,
2015, 6, 0.143,270.68, 64.37, 29.71, 47.04,
2015, 7, 0.150,271.98, 62.39, 30.77, 46.58,
2015, 8, 0.166,274.17, 65.34, 28.30, 46.82,
2015, 9, 0.182,276.51, 67.99, 25.33, 46.66,
2015,10, 0.197,278.22, 69.31, 24.93, 47.12,
2015,11, 0.209,279.37, 68.81, 27.27, 48.04,
2015,12, 0.229,280.76, 71.13, 28.88, 50.00,
2015,13, 0.249,282.61, 73.08, 25.94, 49.51,
2015,14, 0.268,284.38, 72.30, 22.92, 47.61,
2015,15, 0.292,286.09, 72.12, 20.60, 46.36,
2015,16, 0.326,287.67, 74.48, 21.37, 47.92,
2015,17, 0.361,289.17, 75.62, 23.00, 49.31,
2015,18, 0.396,289.98, 77.38, 26.71, 52.05,
2015,19, 0.428,290.56, 78.68, 29.95, 54.32,
2015,20, 0.459,291.16, 81.55, 32.34, 56.94,
2015,21, 0.490,291.97, 85.04, 33.48, 59.26,
2015,22, 0.510,292.55, 86.47, 33.45, 59.95,
2015,23, 0.521,293.03, 87.60, 31.53, 59.56,
2015,24, 0.528,293.40, 88.66, 29.01, 58.83,
2015,25, 0.533,293.95, 88.91, 24.77, 56.84,
2015,26, 0.533,294.51, 87.53, 21.79, 54.66,
2015,27, 0.523,294.80, 82.45, 22.52, 52.48,
2015,28, 0.518,295.44, 80.69, 17.62, 49.15,
2015,29, 0.513,295.96, 79.22, 12.92, 46.07,
2015,30, 0.503,296.31, 76.02, 10.77, 43.40,
2015,31, 0.489,296.68, 70.43,  6.49, 38.46,
2015,32, 0.471,296.65, 62.28,  6.01, 34.15,
2015,33, 0.457,296.64, 56.89,  4.97, 30.93,
2015,34, 0.441,295.92, 51.95,  7.28, 29.62,
2015,35, 0.419,294.51, 48.29, 13.35, 30.82,
2015,36, 0.408,293.40, 51.81, 15.09, 33.45,
2015,37, 0.396,291.79, 55.17, 18.88, 37.03,
2015,38, 0.377,290.27, 53.70, 20.44, 37.07,
2015,39, 0.347,288.72, 48.23, 22.20, 35.21,
2015,40, 0.309,286.32, 37.68, 33.27, 35.48,
2015,41, 0.288,284.62, 36.54, 35.34, 35.94,
2015,42, 0.280,283.43, 43.76, 30.08, 36.92,
2015,43, 0.268,282.43, 51.46, 22.54, 37.00,
2015,44, 0.254,281.92, 58.43, 12.96, 35.70,
2015,45, 0.249,280.88, 69.97,  9.73, 39.85,
2015,46, 0.230,279.11, 72.99, 11.40, 42.19,
2015,47, 0.208,277.03, 73.04, 14.32, 43.68,
2015,48, 0.191,275.43, 72.13, 15.96, 44.04,
2015,49, 0.185,274.64, 74.78, 14.09, 44.44,
2015,50, 0.183,274.37, 79.74,  8.99, 44.37,
2015,51, 0.175,273.21, 82.30,  9.30, 45.80,
2015,52, 0.159,270.80, 79.36, 16.47, 47.91,
2016, 1, 0.141,268.31, 72.72, 24.66, 48.69,
2016, 2, 0.125,266.76, 66.63, 30.52, 48.58,
2016, 3, 0.118,266.29, 63.57, 33.42, 48.49,
2016, 4, 0.123,267.33, 64.52, 31.49, 48.01,
2016, 5, 0.132,269.34, 64.31, 28.69, 46.50,
2016, 6, 0.142,271.25, 63.39, 26.86, 45.13,
2016, 7, 0.149,272.43, 61.71, 27.42, 44.56,
2016, 8, 0.156,272.50, 60.85, 33.07, 46.96,
2016, 9, 0.161,271.83, 58.12, 42.80, 50.46,
2016,10, 0.160,271.10, 53.27, 53.11, 53.19,
2016,11, 0.231,279.56, 77.98, 25.14, 51.56,
2016,12, 0.254,280.96, 81.09, 27.23, 54.16,
2016,13, 0.275,282.29, 83.34, 27.45, 55.40,
2016,14, 0.299,283.61, 84.78, 27.56, 56.17,
2016,15, 0.327,284.91, 86.31, 28.91, 57.61,
2016,16, 0.355,285.60, 85.61, 37.83, 61.72,
2016,17, 0.384,286.69, 84.30, 43.46, 63.88,
2016,18, 0.412,287.73, 83.45, 46.27, 64.86,
2016,19, 0.436,288.65, 81.97, 47.07, 64.52,
2016,20, 0.462,289.88, 83.14, 43.84, 63.48,
2016,21, 0.489,291.13, 84.97, 40.90, 62.94,
2016,22, 0.508,291.91, 85.96, 39.07, 62.51,
2016,23, 0.522,292.75, 87.81, 34.04, 60.92,
2016,24, 0.529,293.54, 88.67, 27.72, 58.20,
2016,25, 0.534,294.16, 88.86, 22.56, 55.71,
2016,26, 0.534,294.37, 87.66, 23.35, 55.51,
2016,27, 0.529,294.69, 85.28, 24.11, 54.70,
2016,28, 0.528,295.17, 85.79, 21.50, 53.65,
2016,29, 0.523,295.20, 84.78, 22.75, 53.77,
2016,30, 0.516,295.35, 82.66, 22.61, 52.63,
2016,31, 0.504,295.54, 78.11, 20.68, 49.40,
2016,32, 0.494,295.67, 74.84, 18.34, 46.59,
2016,33, 0.486,295.79, 72.78, 15.20, 43.99,
2016,34, 0.470,295.53, 68.51, 11.94, 40.23,
2016,35, 0.448,294.65, 64.02, 11.53, 37.77,
2016,36, 0.425,293.67, 60.62, 12.09, 36.36,
2016,37, 0.406,292.37, 60.02, 13.47, 36.74,
2016,38, 0.381,290.70, 56.25, 16.25, 36.25,
2016,39, 0.339,288.05, 45.66, 28.32, 36.99,
2016,40, 0.295,284.95, 32.15, 46.12, 39.14,
2016,41, 0.264,282.28, 26.15, 56.76, 41.45,
2016,42, 0.238,279.59, 24.99, 62.69, 43.84,
2016,43, 0.211,277.51, 25.49, 59.89, 42.69,
2016,44, 0.186,275.98, 25.58, 53.56, 39.57,
2016,45, 0.169,274.11, 29.14, 48.93, 39.03,
2016,46, 0.159,272.02, 35.84, 46.69, 41.26,
2016,47, 0.140,269.21, 37.45, 50.00, 43.73,
2016,48, 0.127,267.33, 39.06, 51.02, 45.04,
2016,49, 0.121,266.77, 40.37, 47.16, 43.77,
2016,50, 0.121,266.09, 45.19, 42.92, 44.05,
2016,51, 0.120,265.11, 50.53, 41.39, 45.96,
2016,52, 0.112,263.70, 50.19, 43.26, 46.73,
2017, 1, 0.107,263.46, 50.10, 41.96, 46.03,
2017, 2, 0.103,263.18, 49.81, 41.43, 45.62,
2017, 3, 0.099,262.31, 47.96, 44.03, 45.99,
2017, 4, 0.102,262.29, 48.08, 44.63, 46.36,
2017, 5, 0.108,264.34, 48.08, 41.18, 44.63,
2017, 6, 0.119,267.65, 49.90, 35.58, 42.74,
2017, 7, 0.133,271.27, 53.32, 28.66, 40.99,
2017, 8, 0.154,274.21, 60.19, 24.12, 42.15,
2017, 9, 0.177,276.48, 65.89, 22.55, 44.22,
2017,10, 0.199,279.07, 70.41, 19.32, 44.86,
2017,11, 0.218,281.28, 72.42, 17.05, 44.73,
2017,12, 0.243,283.04, 76.61, 16.72, 46.67,
2017,13, 0.267,284.80, 80.42, 13.35, 46.88,
2017,14, 0.292,286.15, 81.88, 11.79, 46.84,
2017,15, 0.315,286.96, 81.73, 14.19, 47.96,
2017,16, 0.336,287.40, 78.34, 23.07, 50.70,
2017,17, 0.359,287.54, 74.64, 36.00, 55.32,
2017,18, 0.386,288.10, 73.68, 42.80, 58.24,
2017,19, 0.417,289.15, 74.45, 42.81, 58.63,
2017,20, 0.450,290.36, 77.67, 40.00, 58.83,
2017,21, 0.481,291.38, 80.98, 39.25, 60.11,
2017,22, 0.501,291.81, 82.75, 40.45, 61.59,
2017,23, 0.515,292.37, 84.98, 37.89, 61.43,
2017,24, 0.527,293.22, 88.28, 31.23, 59.75,
2017,25, 0.535,293.66, 89.97, 28.36, 59.17,
2017,26, 0.536,293.92, 89.65, 28.77, 59.21,
2017,27, 0.532,294.37, 87.70, 28.15, 57.93,
2017,28, 0.529,294.55, 87.43, 29.57, 58.50,
2017,29, 0.523,294.47, 85.93, 32.31, 59.12,
2017,30, 0.515,294.54, 83.44, 33.14, 58.29,
2017,31, 0.504,294.66, 79.75, 32.10, 55.92,
2017,32, 0.492,294.41, 75.27, 34.21, 54.74,
2017,33, 0.485,294.00, 73.49, 37.41, 55.45,
2017,34, 0.474,293.06, 71.61, 42.59, 57.10,
2017,35, 0.462,292.00, 72.12, 43.76, 57.94,
2017,36, 0.450,290.66, 73.48, 43.91, 58.70,
2017,37, 0.439,288.96, 75.30, 45.03, 60.17,
2017,38, 0.422,287.71, 74.16, 44.30, 59.23,
2017,39, 0.397,286.51, 70.51, 42.97, 56.74,
2017,40, 0.362,284.83, 62.00, 48.34, 55.17,
2017,41, 0.331,283.52, 56.79, 46.58, 51.68,
2017,42, 0.302,281.80, 53.99, 44.70, 49.35,
2017,43, 0.272,279.98, 52.96, 41.87, 47.42,
2017,44, 0.233,277.84, 48.77, 40.86, 44.81,
2017,45, 0.213,276.00, 51.70, 37.56, 44.63,
2017,46, 0.191,274.14, 52.62, 35.66, 44.14,
2017,47, 0.163,271.31, 49.88, 39.79, 44.84,
2017,48, 0.138,268.98, 45.23, 43.29, 44.26,
2017,49, 0.121,266.97, 41.75, 46.00, 43.87,
2017,50, 0.115,265.97, 43.46, 43.62, 43.54,
2017,51, 0.116,265.54, 49.41, 40.17, 44.79,
2017,52, 0.107,263.73, 51.05, 41.79, 46.42,
2018, 1, 0.106,263.65, 52.67, 42.22, 47.44,
2018, 2, 0.102,263.06, 53.00, 41.61, 47.30,
2018, 3, 0.098,262.22, 50.51, 47.90, 49.21,
2018, 4, 0.096,260.38, 46.04, 53.93, 49.99,
2018, 5, 0.090,259.12, 38.66, 60.11, 49.38,
2018, 6, 0.090,260.00, 32.20, 67.74, 49.97,
2018, 7, 0.091,261.69, 28.69, 69.00, 48.84,
2018, 8, 0.094,263.02, 29.19, 69.01, 49.10,
2018, 9, 0.104,264.63, 30.50, 70.05, 50.28,
2018,10, 0.118,266.76, 33.51, 68.05, 50.78,
2018,11, 0.137,268.94, 36.68, 67.27, 51.98,
2018,12, 0.167,272.27, 45.31, 61.56, 53.44,
2018,13, 0.204,276.55, 56.25, 50.12, 53.19,
2018,14, 0.260,282.37, 68.41, 32.28, 50.35,
2018,15, 0.313,286.20, 78.91, 20.72, 49.81,
2018,16, 0.360,288.72, 87.16, 13.92, 50.54,
2018,17, 0.400,290.43, 89.39, 12.88, 51.13,
2018,18, 0.428,290.94, 88.61, 19.08, 53.84,
2018,19, 0.455,291.35, 87.32, 23.28, 55.30,
2018,20, 0.476,291.93, 86.46, 24.92, 55.68,
2018,21, 0.491,292.11, 84.21, 31.50, 57.86,
2018,22, 0.499,292.49, 81.53, 32.75, 57.13,
2018,23, 0.496,292.15, 76.74, 38.72, 57.73,
2018,24, 0.482,291.45, 69.16, 47.75, 58.45,
2018,25, 0.472,291.11, 63.10, 53.95, 58.53,
2018,26, 0.470,291.23, 61.05, 56.55, 58.80,
2018,27, 0.465,291.40, 58.63, 60.72, 59.67,
2018,28, 0.464,291.71, 59.78, 62.46, 61.12,
2018,29, 0.471,292.37, 65.29, 56.19, 60.74,
2018,30, 0.475,292.93, 68.26, 51.00, 59.63,
2018,31, 0.474,293.22, 67.77, 48.95, 58.36,
2018,32, 0.474,293.75, 69.20, 41.86, 55.53,
2018,33, 0.472,293.82, 69.51, 39.24, 54.38,
2018,34, 0.467,293.49, 70.34, 37.06, 53.70,
2018,35, 0.462,293.17, 73.73, 29.64, 51.68,
2018,36, 0.455,292.59, 76.95, 23.70, 50.33,
2018,37, 0.442,291.37, 77.77, 22.81, 50.29,
2018,38, 0.427,290.50, 76.78, 18.48, 47.63,
2018,39, 0.410,290.10, 76.43, 10.33, 43.38,
2018,40, 0.380,288.98, 70.08,  9.13, 39.61,
2018,41, 0.344,287.73, 62.69,  7.54, 35.12,
2018,42, 0.314,286.30, 59.84,  5.81, 32.83,
2018,43, 0.285,284.78, 59.03,  4.94, 31.99,
2018,44, 0.254,282.97, 58.49,  5.84, 32.16,
2018,45, 0.226,279.89, 57.80, 15.10, 36.45,
2018,46, 0.197,276.37, 55.23, 24.51, 39.87,
2018,47, 0.167,272.14, 50.55, 36.05, 43.30,
2018,48, 0.140,268.63, 45.11, 44.77, 44.94,
2018,49, 0.117,265.71, 38.36, 51.35, 44.86,
2018,50, 0.104,263.12, 35.98, 55.19, 45.58,
2018,51, 0.096,260.69, 36.97, 59.09, 48.03,
2018,52, 0.088,258.91, 35.46, 62.11, 48.79,
2019, 1, 0.082,258.09, 33.75, 64.20, 48.97,
2019, 2, 0.077,257.37, 32.68, 65.97, 49.32,
2019, 3, 0.078,256.99, 33.97, 67.16, 50.56,
2019, 4, 0.087,258.60, 39.22, 61.41, 50.31,
2019, 5, 0.101,262.95, 44.34, 48.96, 46.65,
2019, 6, 0.121,268.33, 51.26, 35.15, 43.20,
2019, 7, 0.145,273.10, 59.36, 23.48, 41.42,
2019, 8, 0.170,276.46, 67.60, 16.70, 42.15,
2019, 9, 0.192,278.56, 72.54, 15.19, 43.86,
2019,10, 0.213,280.36, 76.76, 14.97, 45.87,
2019,11, 0.230,281.87, 77.90, 15.93, 46.92,
2019,12, 0.246,282.73, 78.12, 19.84, 48.98,
2019,13, 0.261,283.72, 78.13, 20.62, 49.37,
2019,14, 0.283,285.30, 78.25, 17.95, 48.10,
2019,15, 0.297,285.84, 74.41, 22.26, 48.34,
2019,16, 0.313,285.84, 69.46, 34.99, 52.22,
2019,17, 0.336,286.27, 66.28, 45.46, 55.87,
2019,18, 0.360,287.03, 64.92, 50.82, 57.87,
2019,19, 0.382,287.38, 62.86, 56.88, 59.87,
2019,20, 0.409,288.08, 63.79, 59.68, 61.74,
2019,21, 0.441,289.48, 67.15, 56.05, 61.60,
2019,22, 0.461,290.17, 67.85, 55.24, 61.55,
2019,23, 0.479,291.23, 70.88, 48.29, 59.59,
2019,24, 0.501,292.74, 76.84, 35.94, 56.39,
2019,25, 0.507,292.96, 76.74, 35.88, 56.31,
2019,26, 0.508,293.08, 75.41, 38.03, 56.72,
2019,27, 0.507,293.61, 74.58, 36.85, 55.72,
2019,28, 0.504,293.67, 74.27, 40.03, 57.15,
2019,29, 0.499,293.74, 73.63, 40.73, 57.18,
2019,30, 0.497,294.17, 73.92, 36.70, 55.31,
2019,31, 0.493,294.67, 73.07, 31.18, 52.12,
2019,32, 0.486,294.99, 71.40, 26.52, 48.96,
2019,33, 0.480,295.18, 70.44, 22.55, 46.50,
2019,34, 0.474,294.99, 70.91, 18.51, 44.71,
2019,35, 0.462,294.04, 70.79, 18.83, 44.81,
2019,36, 0.449,293.24, 71.46, 16.56, 44.01,
2019,37, 0.437,292.56, 72.80, 11.69, 42.24,
2019,38, 0.416,291.37, 69.90, 10.37, 40.13,
2019,39, 0.386,290.27, 64.59,  8.36, 36.48,
2019,40, 0.355,289.26, 57.55,  6.00, 31.77,
2019,41, 0.326,288.11, 53.26,  3.66, 28.46,
2019,42, 0.304,286.64, 53.96,  2.64, 28.30,
2019,43, 0.284,285.02, 57.76,  2.83, 30.30,
2019,44, 0.260,283.46, 60.59,  2.51, 31.55,
2019,45, 0.249,282.05, 68.66,  2.86, 35.76,
2019,46, 0.227,280.21, 69.82,  5.68, 37.75,
2019,47, 0.208,278.29, 71.56,  8.13, 39.85,
2019,48, 0.195,277.09, 73.04,  8.15, 40.60,
2019,49, 0.185,276.01, 73.07,  7.74, 40.40,
2019,50, 0.176,274.72, 75.01,  6.95, 40.98,
2019,51, 0.165,273.09, 76.06,  9.22, 42.64,
2019,52, 0.154,271.74, 75.79, 12.04, 43.92,
2020, 1, 0.149,271.68, 77.98, 10.25, 44.11,
2020, 2, 0.144,272.31, 79.49,  7.62, 43.55,
2020, 3, 0.140,272.49, 78.51,  7.85, 43.18,
2020, 4, 0.141,272.59, 77.15, 10.12, 43.63,
2020, 5, 0.145,272.85, 72.42, 14.13, 43.27,
2020, 6, 0.151,273.72, 68.42, 16.78, 42.60,
2020, 7, 0.154,274.22, 64.52, 20.79, 42.66,
2020, 8, 0.168,275.15, 66.56, 23.53, 45.04,
2020, 9, 0.189,276.93, 71.20, 23.32, 47.26,
2020,10, 0.213,278.75, 76.46, 22.53, 49.49,
2020,11, 0.233,280.28, 78.76, 23.00, 50.88,
2020,12, 0.254,282.14, 81.31, 22.30, 51.80,
2020,13, 0.273,284.30, 82.71, 17.39, 50.05,
2020,14, 0.296,286.25, 83.49, 12.18, 47.84,
2020,15, 0.317,287.47, 82.16, 11.09, 46.62,
2020,16, 0.333,288.08, 76.97, 17.98, 47.48,
2020,17, 0.351,288.63, 71.51, 26.89, 49.20,
2020,18, 0.378,289.64, 70.58, 28.82, 49.70,
2020,19, 0.399,289.89, 67.50, 34.98, 51.24,
2020,20, 0.414,289.75, 64.35, 44.46, 54.39,
2020,21, 0.434,290.06, 63.13, 50.66, 56.89,
2020,22, 0.446,290.14, 60.88, 55.37, 58.11,
2020,23, 0.452,290.16, 59.61, 58.16, 58.88,
2020,24, 0.460,290.58, 61.12, 57.35, 59.23,
2020,25, 0.476,291.46, 65.94, 51.62, 58.78,
2020,26, 0.492,292.37, 71.87, 45.95, 58.91,
2020,27, 0.502,293.03, 75.38, 43.89, 59.64,
2020,28, 0.508,293.53, 79.54, 42.20, 60.87,
2020,29, 0.510,293.57, 81.76, 43.53, 62.64,
2020,30, 0.511,293.77, 83.39, 42.43, 62.91,
2020,31, 0.510,294.26, 84.16, 36.94, 60.55,
2020,32, 0.507,294.58, 84.65, 32.20, 58.42,
2020,33, 0.504,294.69, 85.19, 28.96, 57.07,
2020,34, 0.496,294.08, 84.66, 30.26, 57.46,
2020,35, 0.485,293.27, 84.69, 29.03, 56.86,
2020,36, 0.473,292.71, 85.18, 22.71, 53.95,
2020,37, 0.457,291.88, 83.95, 18.43, 51.19,
2020,38, 0.433,290.81, 79.31, 15.92, 47.61,
2020,39, 0.393,289.28, 69.75, 17.74, 43.74,
2020,40, 0.346,287.05, 55.92, 27.21, 41.56,
2020,41, 0.313,285.30, 49.74, 29.82, 39.78,
2020,42, 0.297,283.64, 52.86, 28.82, 40.84,
2020,43, 0.284,282.51, 59.62, 22.49, 41.06,
2020,44, 0.266,281.41, 64.89, 16.71, 40.80,
2020,45, 0.264,280.38, 78.00, 12.47, 45.23,
2020,46, 0.249,279.46, 82.34,  9.43, 45.88,
2020,47, 0.231,277.99, 84.13,  9.65, 46.89,
2020,48, 0.215,276.37, 83.60, 11.50, 47.55,
2020,49, 0.203,275.07, 82.45, 11.83, 47.14,
2020,50, 0.191,273.88, 83.48, 10.56, 47.02,
2020,51, 0.180,272.59, 84.75, 11.37, 48.06,
2020,52, 0.165,270.65, 82.15, 16.45, 49.30,
2021, 1, 0.147,268.35, 76.36, 23.55, 49.95,
2021, 2, 0.129,266.56, 68.51, 30.23, 49.37,
2021, 3, 0.117,265.36, 61.69, 35.10, 48.40,
2021, 4, 0.110,263.71, 54.75, 42.60, 48.67,
2021, 5, 0.103,263.07, 45.36, 49.16, 47.26,
2021, 6, 0.105,264.90, 41.72, 48.52, 45.12,
2021, 7, 0.112,267.97, 41.82, 43.10, 42.46,
2021, 8, 0.125,270.28, 45.25, 40.86, 43.06,
2021, 9, 0.143,272.41, 49.55, 40.03, 44.79,
2021,10, 0.158,274.34, 52.30, 39.49, 45.90,
2021,11, 0.174,275.77, 53.78, 41.56, 47.67,
2021,12, 0.199,278.09, 58.69, 40.22, 49.45,
2021,13, 0.221,280.55, 61.76, 36.30, 49.03,
2021,14, 0.242,282.32, 61.59, 35.19, 48.39,
2021,15, 0.266,284.03, 61.98, 35.05, 48.51,
2021,16, 0.288,284.98, 59.64, 42.56, 51.10,
2021,17, 0.311,286.04, 56.80, 48.61, 52.71,
2021,18, 0.346,287.55, 58.84, 47.52, 53.18,
2021,19, 0.377,288.53, 59.43, 47.78, 53.60,
2021,20, 0.402,289.30, 59.49, 49.14, 54.31,
2021,21, 0.432,290.10, 61.65, 50.34, 55.99,
2021,22, 0.458,290.73, 64.68, 49.84, 57.26,
2021,23, 0.478,291.39, 68.76, 46.63, 57.70,
2021,24, 0.494,292.12, 73.31, 42.10, 57.70,
2021,25, 0.512,293.18, 79.66, 33.48, 56.57,
2021,26, 0.524,294.25, 84.24, 25.21, 54.73,
2021,27, 0.527,294.99, 85.51, 21.33, 53.42,
2021,28, 0.523,295.06, 85.81, 23.62, 54.71,
2021,29, 0.517,294.53, 84.52, 31.80, 58.16,
2021,30, 0.518,294.51, 86.23, 33.75, 59.99,
2021,31, 0.516,294.62, 87.24, 32.87, 60.05,
2021,32, 0.505,293.66, 83.54, 43.68, 63.61,
2021,33, 0.494,292.67, 80.79, 53.37, 67.08,
2021,34, 0.490,292.22, 82.18, 52.84, 67.51,
2021,35, 0.477,291.09, 81.39, 54.41, 67.90,
2021,36, 0.459,289.78, 79.19, 52.74, 65.97,
2021,37, 0.446,288.78, 79.32, 46.56, 62.94,
2021,38, 0.429,287.94, 77.15, 42.08, 59.61,
2021,39, 0.403,286.89, 72.92, 39.36, 56.14,
2021,40, 0.374,285.70, 66.92, 39.63, 53.27,
2021,41, 0.348,285.12, 63.81, 30.77, 47.29,
2021,42, 0.325,284.15, 64.28, 23.38, 43.83,
2021,43, 0.302,283.01, 66.42, 17.82, 42.12,
2021,44, 0.274,282.07, 67.64, 11.93, 39.78,
2021,45, 0.256,280.31, 72.96, 13.02, 42.99,
2021,46, 0.227,277.87, 70.53, 17.55, 44.04,
2021,47, 0.199,275.44, 67.79, 21.57, 44.68,
2021,48, 0.168,272.54, 60.35, 28.52, 44.44,
2021,49, 0.142,269.70, 52.17, 35.02, 43.59,
2021,50, 0.125,266.81, 48.42, 40.28, 44.35,
2021,51, 0.115,264.81, 48.62, 42.81, 45.72,
2021,52, 0.109,263.97, 48.68, 42.85, 45.76,
2022, 1, 0.107,264.01, 50.76, 41.62, 46.19,
2022, 2, 0.106,264.43, 52.93, 39.48, 46.21,
2022, 3, 0.102,263.64, 51.47, 43.53, 47.50,
2022, 4, 0.105,263.54, 51.48, 45.93, 48.70,
2022, 5, 0.114,265.73, 52.39, 42.10, 47.24,
2022, 6, 0.122,268.00, 51.89, 39.61, 45.75,
2022, 7, 0.132,270.08, 52.46, 37.62, 45.04,
2022, 8, 0.148,272.03, 56.61, 36.82, 46.71,
2022, 9, 0.170,274.42, 62.25, 34.28, 48.27,
2022,10, 0.189,276.30, 65.99, 33.15, 49.57,
2022,11, 0.199,277.29, 64.37, 36.21, 50.29,
2022,12, 0.217,279.85, 66.47, 33.01, 49.74,
2022,13, 0.236,282.64, 68.11, 26.23, 47.17,
2022,14, 0.254,284.13, 66.50, 24.98, 45.74,
2022,15, 0.268,284.97, 62.72, 28.91, 45.82,
2022,16, 0.287,286.06, 59.25, 34.23, 46.74,
2022,17, 0.320,287.93, 59.52, 32.60, 46.06,
2022,18, 0.360,289.63, 63.47, 28.53, 46.00,
2022,19, 0.404,290.98, 68.03, 24.87, 46.45,
2022,20, 0.443,292.21, 72.78, 21.27, 47.01,
2022,21, 0.472,293.19, 75.23, 20.63, 47.93,
2022,22, 0.493,293.76, 76.73, 20.68, 48.69,
2022,23, 0.508,294.33, 79.45, 18.36, 48.89,
2022,24, 0.519,295.01, 81.90, 12.44, 47.17,
2022,25, 0.527,295.52, 83.82,  7.40, 45.61,
2022,26, 0.531,295.88, 84.68,  6.07, 45.37,
2022,27, 0.530,296.27, 83.78,  5.43, 44.61,
2022,28, 0.528,296.45, 84.41,  5.70, 45.05,
2022,29, 0.526,296.51, 85.62,  6.64, 46.13,
2022,30, 0.510,295.58, 79.60, 20.17, 49.88,
2022,31, 0.499,295.32, 76.33, 23.77, 50.05,
2022,32, 0.485,294.61, 71.04, 31.55, 51.29,
2022,33, 0.476,294.21, 69.10, 34.56, 51.83,
2022,34, 0.471,293.90, 71.03, 31.97, 51.50,
2022,35, 0.457,292.50, 71.13, 37.22, 54.17,
2022,36, 0.441,290.82, 71.21, 41.60, 56.41,
2022,37, 0.423,289.31, 70.75, 41.35, 56.05,
2022,38, 0.405,288.22, 68.66, 39.11, 53.89,
2022,39, 0.382,287.45, 65.69, 34.01, 49.85,
2022,40, 0.360,286.65, 62.49, 30.50, 46.49,
2022,41, 0.338,286.06, 61.37, 22.39, 41.88,
2022,42, 0.315,285.05, 61.41, 16.39, 38.90,
2022,43, 0.295,284.02, 64.65, 10.65, 37.65,
2022,44, 0.267,282.52, 65.71,  8.97, 37.34,
2022,45, 0.248,280.36, 69.77, 12.63, 41.20,
2022,46, 0.223,278.11, 68.68, 16.17, 42.42,
2022,47, 0.199,275.26, 67.42, 22.19, 44.80,
2022,48, 0.175,272.51, 63.33, 28.27, 45.80,
2022,49, 0.162,270.77, 61.51, 30.12, 45.81,
2022,50, 0.157,269.67, 64.99, 28.12, 46.56,
2022,51, 0.153,268.45, 69.14, 27.86, 48.50,
2022,52, 0.144,267.49, 69.33, 28.28, 48.80,
2023, 1, 0.135,267.60, 67.68, 25.76, 46.72,
2023, 2, 0.123,267.24, 64.37, 25.25, 44.81,
2023, 3, 0.113,265.64, 58.65, 30.79, 44.72,
2023, 4, 0.114,265.70, 57.27, 32.20, 44.73,
2023, 5, 0.119,266.50, 55.83, 34.12, 44.98,
2023, 6, 0.129,268.26, 55.71, 34.47, 45.09,
2023, 7, 0.144,271.62, 59.22, 28.91, 44.07,
2023, 8, 0.163,273.90, 64.19, 27.05, 45.62,
2023, 9, 0.183,275.63, 68.42, 27.55, 47.98,
2023,10, 0.206,278.01, 73.42, 25.21, 49.31,
2023,11, 0.217,278.88, 72.22, 29.22, 50.72,
2023,12, 0.232,279.51, 72.12, 34.82, 53.47,
2023,13, 0.239,280.05, 68.76, 40.18, 54.47,
2023,14, 0.246,280.84, 63.34, 45.27, 54.30,
2023,15, 0.264,281.97, 61.14, 50.03, 55.59,
2023,16, 0.289,283.36, 60.51, 54.62, 57.56,
2023,17, 0.320,285.02, 60.90, 55.19, 58.04,
2023,18, 0.351,286.43, 61.31, 55.58, 58.45,
2023,19, 0.387,287.96, 63.37, 52.09, 57.73,
2023,20, 0.426,289.37, 68.06, 48.19, 58.11,
2023,21, 0.453,290.01, 69.23, 51.22, 60.23,
2023,22, 0.473,290.66, 70.00, 50.55, 60.27,
2023,23, 0.490,291.55, 72.92, 45.13, 59.01,
2023,24, 0.499,291.92, 74.75, 43.96, 59.36,
2023,25, 0.509,292.37, 77.55, 41.91, 59.73,
2023,26, 0.518,292.89, 80.39, 39.96, 60.18,
2023,27, 0.521,293.46, 82.19, 38.75, 60.47,
2023,28, 0.524,293.97, 85.44, 36.66, 61.05,
2023,29, 0.526,294.25, 87.75, 35.19, 61.47,
2023,30, 0.525,294.29, 88.93, 36.36, 62.64,
2023,31, 0.518,294.26, 87.71, 37.20, 62.46,
2023,32, 0.513,294.45, 87.67, 33.88, 60.77,
2023,33, 0.511,294.68, 88.79, 29.10, 58.94,
2023,34, 0.505,294.60, 89.21, 23.73, 56.47,
2023,35, 0.495,294.15, 89.83, 18.01, 53.92,
2023,36, 0.485,293.58, 90.45, 13.34, 51.89,
2023,37, 0.471,292.62, 89.91, 11.43, 50.67,
2023,38, 0.451,291.53, 87.06,  9.02, 48.04,
2023,39, 0.425,290.43, 83.17,  7.01, 45.09,
2023,40, 0.393,288.87, 76.81,  9.34, 43.07,
2023,41, 0.356,286.88, 69.24, 13.88, 41.56,
2023,42, 0.320,284.56, 64.22, 19.02, 41.62,
2023,43, 0.284,282.32, 61.14, 22.59, 41.87,
2023,44, 0.248,280.14, 58.17, 25.33, 41.75,
2023,45, 0.228,277.94, 62.05, 27.50, 44.77,
2023,46, 0.203,275.31, 60.80, 30.91, 45.86,
2023,47, 0.176,271.91, 57.61, 38.17, 47.89,
2023,48, 0.155,269.26, 54.14, 43.16, 48.65,
2023,49, 0.148,268.49, 55.18, 40.42, 47.80,
2023,50, 0.148,268.11, 60.10, 34.97, 47.54,
2023,51, 0.147,267.69, 65.78, 31.08, 48.43,
2023,52, 0.140,266.60, 66.96, 31.96, 49.46,
2024, 1, 0.130,265.25, 65.07, 35.15, 50.11,
2024, 2, 0.119,263.38, 61.88, 40.96, 51.42,
2024, 3,-1.000, -1.00, -1.00, -1.00, -1.00,
2024, 4,-1.000, -1.00, -1.00, -1.00, -1.00,
2024, 5,-1.000, -1.00, -1.00, -1.00, -1.00,
2024, 6,-1.000, -1.00, -1.00, -1.00, -1.00,
2024, 7,-1.000, -1.00, -1.00, -1.00, -1.00,
2024, 8,-1.000, -1.00, -1.00, -1.00, -1.00,
2024, 9,-1.000, -1.00, -1.00, -1.00, -1.00,
2024,10,-1.000, -1.00, -1.00, -1.00, -1.00,
2024,11,-1.000, -1.00, -1.00, -1.00, -1.00,
2024,12,-1.000, -1.00, -1.00, -1.00, -1.00,
2024,13,-1.000, -1.00, -1.00, -1.00, -1.00,
2024,14,-1.000, -1.00, -1.00, -1.00, -1.00,
2024,15,-1.000, -1.00, -1.00, -1.00, -1.00,
2024,16,-1.000, -1.00, -1.00, -1.00, -1.00,
2024,17,-1.000, -1.00, -1.00, -1.00, -1.00,
2024,18,-1.000, -1.00, -1.00, -1.00, -1.00,
2024,19,-1.000, -1.00, -1.00, -1.00, -1.00,
2024,20,-1.000, -1.00, -1.00, -1.00, -1.00,
2024,21,-1.000, -1.00, -1.00, -1.00, -1.00,
2024,22,-1.000, -1.00, -1.00, -1.00, -1.00,
2024,23,-1.000, -1.00, -1.00, -1.00, -1.00,
2024,24,-1.000, -1.00, -1.00, -1.00, -1.00,
2024,25,-1.000, -1.00, -1.00, -1.00, -1.00,
2024,26,-1.000, -1.00, -1.00, -1.00, -1.00,
2024,27,-1.000, -1.00, -1.00, -1.00, -1.00,
2024,28,-1.000, -1.00, -1.00, -1.00, -1.00,
2024,29,-1.000, -1.00, -1.00, -1.00, -1.00,
2024,30,-1.000, -1.00, -1.00, -1.00, -1.00,
2024,31,-1.000, -1.00, -1.00, -1.00, -1.00,
2024,32,-1.000, -1.00, -1.00, -1.00, -1.00,
2024,33,-1.000, -1.00, -1.00, -1.00, -1.00,
2024,34,-1.000, -1.00, -1.00, -1.00, -1.00,
2024,35,-1.000, -1.00, -1.00, -1.00, -1.00,
2024,36,-1.000, -1.00, -1.00, -1.00, -1.00,
2024,37,-1.000, -1.00, -1.00, -1.00, -1.00,
2024,38,-1.000, -1.00, -1.00, -1.00, -1.00,
2024,39,-1.000, -1.00, -1.00, -1.00, -1.00,
2024,40,-1.000, -1.00, -1.00, -1.00, -1.00,
2024,41,-1.000, -1.00, -1.00, -1.00, -1.00,
2024,42,-1.000, -1.00, -1.00, -1.00, -1.00,
2024,43,-1.000, -1.00, -1.00, -1.00, -1.00,
2024,44,-1.000, -1.00, -1.00, -1.00, -1.00,
2024,45,-1.000, -1.00, -1.00, -1.00, -1.00,
2024,46,-1.000, -1.00, -1.00, -1.00, -1.00,
2024,47,-1.000, -1.00, -1.00, -1.00, -1.00,
2024,48,-1.000, -1.00, -1.00, -1.00, -1.00,
2024,49,-1.000, -1.00, -1.00, -1.00, -1.00,
2024,50,-1.000, -1.00, -1.00, -1.00, -1.00,
2024,51,-1.000, -1.00, -1.00, -1.00, -1.00,
2024,52,-1.000, -1.00, -1.00, -1.00, -1.00,